#PeakID(python identify_motif.py ./ENCODE_processed_files/FOXA3_idr.fa FOXA3 --motif_path ./motifs/ --distance 50  --cutoff --size 400 --repeat ../hg38_repeats/hg38_repeats_merged.nodup.all.txt)	chr	start	end	strand	idrScore	count	motif score +	motif position +	motif score -	motif position -	adjusted motif position +	adjusted motif position -
876_100	chr21	28589984	28590384	+	1000	412.5	[8.361351]	[102]	[]	[]	[28590180]	[]
876_10004	chr9	131090858	131091258	+	1000	42.0	[]	[]	[7.553737]	[147]	[]	[131091095]
876_10010	chrX	57163243	57163643	+	697	42.0	[]	[]	[12.570299]	[77]	[]	[57163413]
876_10021	chr1	57218776	57219176	+	1000	41.5	[10.2047415]	[157]	[]	[]	[57219008]	[]
876_10022	chr1	66564291	66564691	+	1000	41.5	[9.53014, 9.252844]	[100, 110]	[]	[]	[66564485, 66564495]	[]
876_10027	chr1	112319137	112319537	+	588	41.5	[]	[]	[9.53014]	[148]	[]	[112319350]
876_1003	chr1	43119860	43120260	+	1000	138.5	[]	[]	[12.570299]	[103]	[]	[43120061]
876_10035	chr1	175889817	175890217	+	1000	41.5	[]	[]	[12.570299]	[99]	[]	[175890014]
876_10036	chr1	176122289	176122689	+	938	41.5	[]	[]	[7.553737]	[89]	[]	[176122467]
876_10038	chr1	184975124	184975524	+	1000	41.5	[7.677661]	[161]	[7.677661]	[160]	[184975371]	[184975370]
876_1004	chr16	20826223	20826623	+	1000	138.5	[9.252844]	[97]	[]	[]	[20826419]	[]
876_10040	chr1	207311170	207311570	+	949	41.5	[8.84223]	[118]	[]	[]	[207311329]	[]
876_10048	chr10	3192906	3193306	+	678	41.5	[10.2047415]	[88]	[7.7748694]	[117]	[3193090]	[3193119]
876_10054	chr10	31104825	31105225	+	1000	41.5	[10.2047415]	[130]	[]	[]	[31105028]	[]
876_1006	chr4	80492816	80493216	+	1000	138.5	[9.252844, 8.361351]	[69, 139]	[]	[]	[80492976, 80493046]	[]
876_10064	chr11	45127820	45128220	+	886	41.5	[]	[]	[12.570299]	[105]	[]	[45128022]
876_10065	chr11	57116530	57116930	+	1000	41.5	[12.570299]	[115]	[]	[]	[57116733]	[]
876_10066	chr11	58577870	58578270	+	646	41.5	[7.676677]	[105]	[]	[]	[58578039]	[]
876_10068	chr11	59992442	59992842	+	992	41.5	[]	[]	[8.009179]	[113]	[]	[59992633]
876_10069	chr11	61116827	61117227	+	818	41.5	[]	[]	[10.2047415]	[96]	[]	[61116990]
876_10072	chr11	95325690	95326090	+	770	41.5	[]	[]	[12.570299]	[70]	[]	[95325860]
876_10077	chr12	57101821	57102221	+	1000	41.5	[8.009179]	[144]	[12.570299]	[106]	[57102048]	[57102010]
876_10078	chr12	76548388	76548788	+	735	41.5	[12.570299]	[123]	[]	[]	[76548601]	[]
876_10083	chr13	90598035	90598435	+	1000	41.5	[]	[]	[7.5891633]	[93]	[]	[90598224]
876_10092	chr15	43169918	43170318	+	1000	41.5	[]	[]	[8.182752, 9.53014]	[138, 175]	[]	[43170105, 43170142]
876_10093	chr15	43285649	43286049	+	1000	41.5	[12.570299]	[104]	[]	[]	[43285820]	[]
876_1010	chr5	56161865	56162265	+	1000	138.0	[]	[]	[12.570299]	[82]	[]	[56162044]
876_10100	chr16	58264948	58265348	+	1000	41.5	[8.264141]	[96]	[7.676677]	[163]	[58265105]	[58265172]
876_10103	chr16	87052483	87052883	+	1000	41.5	[8.361351]	[116]	[]	[]	[87052687]	[]
876_10107	chr17	70128727	70129127	+	1000	41.5	[12.570299]	[112]	[]	[]	[70128916]	[]
876_10108	chr17	75348385	75348785	+	1000	41.5	[10.2047415, 7.7748694]	[118, 137]	[9.53014]	[91]	[75348588, 75348607]	[75348561]
876_1011	chr5	110985997	110986397	+	1000	138.0	[12.570299]	[112]	[]	[]	[110986196]	[]
876_10111	chr18	151488	151888	+	965	41.5	[9.53014]	[114]	[]	[]	[151686]	[]
876_10114	chr18	79290090	79290490	+	1000	41.5	[]	[]	[12.570299]	[105]	[]	[79290293]
876_10117	chr19	15869272	15869672	+	873	41.5	[10.2047415, 9.53014]	[106, 173]	[]	[]	[15869453, 15869520]	[]
876_10119	chr2	9608390	9608790	+	1000	41.5	[12.570299, 9.252844]	[120, 148]	[]	[]	[9608587, 9608615]	[]
876_10122	chr2	64727222	64727622	+	1000	41.5	[10.2047415]	[182]	[]	[]	[64727460]	[]
876_10123	chr2	65567236	65567636	+	1000	41.5	[]	[]	[8.361351]	[107]	[]	[65567442]
876_10127	chr2	119856555	119856955	+	1000	41.5	[]	[]	[12.570299]	[113]	[]	[119856736]
876_10128	chr2	136253273	136253673	+	1000	41.5	[12.570299]	[99]	[]	[]	[136253462]	[]
876_10129	chr2	142938261	142938661	+	1000	41.5	[]	[]	[12.570299]	[125]	[]	[142938472]
876_1013	chr2	175709276	175709676	+	1000	137.5	[12.570299]	[125]	[]	[]	[175709486]	[]
876_10134	chr2	171564472	171564872	+	975	41.5	[9.53014]	[117]	[]	[]	[171564668]	[]
876_10138	chr20	32664802	32665202	+	1000	41.5	[]	[]	[12.570299]	[107]	[]	[32665007]
876_10139	chr20	38452997	38453397	+	935	41.5	[12.570299]	[172]	[]	[]	[38453228]	[]
876_10140	chr20	41715235	41715635	+	1000	41.5	[12.570299]	[104]	[]	[]	[41715433]	[]
876_10148	chr22	21808997	21809397	+	1000	41.5	[9.252844]	[111]	[]	[]	[21809187]	[]
876_10150	chr22	22005779	22006179	+	1000	41.5	[7.553737]	[86]	[7.7748694]	[98]	[22005930]	[22005942]
876_10154	chr22	22436954	22437354	+	748	41.5	[]	[]	[7.5891633]	[194]	[]	[22437193]
876_10155	chr22	22495122	22495522	+	1000	41.5	[12.570299]	[174]	[]	[]	[22495373]	[]
876_10159	chr22	22945036	22945436	+	855	41.5	[9.53014]	[187]	[]	[]	[22945268]	[]
876_10161	chr22	22962381	22962781	+	988	41.5	[]	[]	[10.2047415]	[108]	[]	[22962554]
876_10163	chr22	23143478	23143878	+	1000	41.5	[8.009179]	[105]	[]	[]	[23143683]	[]
876_10172	chr22	43263818	43264218	+	1000	41.5	[]	[]	[10.2047415]	[162]	[]	[43264041]
876_10173	chr22	44042706	44043106	+	1000	41.5	[10.2047415]	[124]	[8.84223]	[189]	[44042885]	[44042950]
876_10176	chr3	16936285	16936685	+	857	41.5	[]	[]	[8.84223]	[143]	[]	[16936514]
876_10177	chr3	21189713	21190113	+	1000	41.5	[7.553737, 12.570299]	[85, 98]	[]	[]	[21189895, 21189908]	[]
876_10178	chr3	39285256	39285656	+	541	41.5	[7.676677]	[100]	[10.2047415, 12.570299]	[117, 142]	[39285422]	[39285439, 39285464]
876_10179	chr3	43674803	43675203	+	624	41.5	[8.361351]	[140]	[]	[]	[43675012]	[]
876_1018	chr10	11640179	11640579	+	1000	137.0	[12.570299]	[100]	[]	[]	[11640374]	[]
876_10183	chr3	196149789	196150189	+	1000	41.5	[]	[]	[9.53014]	[119]	[]	[196149997]
876_10185	chr4	25861597	25861997	+	1000	41.5	[]	[]	[8.182752]	[149]	[]	[25861808]
876_10186	chr4	34279023	34279423	+	1000	41.5	[]	[]	[8.361351]	[90]	[]	[34279199]
876_10188	chr5	36149091	36149491	+	1000	41.5	[12.570299]	[122]	[]	[]	[36149288]	[]
876_1019	chr11	12366209	12366609	+	1000	137.0	[12.570299]	[127]	[]	[]	[12366424]	[]
876_10191	chr5	46926223	46926623	+	1000	41.5	[8.84223]	[121]	[]	[]	[46926442]	[]
876_10196	chr5	154834940	154835340	+	939	41.5	[]	[]	[9.53014]	[102]	[]	[154835133]
876_10199	chr5	163433168	163433568	+	1000	41.5	[]	[]	[9.252844]	[76]	[]	[163433344]
876_102	chr8	101891774	101892174	+	1000	409.5	[12.570299]	[96]	[]	[]	[101891968]	[]
876_10203	chr6	10694549	10694949	+	1000	41.5	[]	[]	[8.009179]	[193]	[]	[10694770]
876_1021	chr17	4721472	4721872	+	1000	137.0	[12.570299]	[95]	[9.53014]	[58]	[4721666]	[4721629]
876_10214	chr6	37023371	37023771	+	775	41.5	[]	[]	[12.570299]	[99]	[]	[37023539]
876_10215	chr6	41326090	41326490	+	680	41.5	[]	[]	[7.676677, 10.2047415]	[199, 216]	[]	[41326298, 41326315]
876_10219	chr6	87623203	87623603	+	1000	41.5	[]	[]	[12.570299]	[108]	[]	[87623405]
876_10220	chr6	111796305	111796705	+	1000	41.5	[]	[]	[12.570299]	[106]	[]	[111796498]
876_10222	chr6	136471375	136471775	+	1000	41.5	[]	[]	[9.53014]	[163]	[]	[136471612]
876_10223	chr6	136481343	136481743	+	1000	41.5	[8.182752]	[127]	[]	[]	[136481548]	[]
876_10226	chr6	160394290	160394690	+	1000	41.5	[8.361351]	[165]	[]	[]	[160394501]	[]
876_10229	chr7	21357667	21358067	+	882	41.5	[10.2047415]	[130]	[]	[]	[21357866]	[]
876_1023	chr19	35803518	35803918	+	1000	137.0	[8.361351]	[112]	[]	[]	[35803719]	[]
876_10231	chr7	24920704	24921104	+	1000	41.5	[]	[]	[8.361351]	[180]	[]	[24920947]
876_10234	chr7	36484836	36485236	+	971	41.5	[]	[]	[12.570299]	[138]	[]	[36485020]
876_10238	chr7	87014306	87014706	+	1000	41.5	[8.361351]	[210]	[7.553737]	[179]	[87014537]	[87014506]
876_10240	chr7	93550574	93550974	+	1000	41.5	[]	[]	[12.570299]	[125]	[]	[93550797]
876_10241	chr7	100652982	100653382	+	914	41.5	[10.2047415]	[92]	[]	[]	[100653156]	[]
876_10253	chr8	26329789	26330189	+	1000	41.5	[]	[]	[10.2047415]	[115]	[]	[26329994]
876_10255	chr8	76901603	76902003	+	1000	41.5	[]	[]	[12.570299]	[105]	[]	[76901774]
876_10256	chr8	80485274	80485674	+	693	41.5	[9.53014]	[105]	[]	[]	[80485475]	[]
876_10261	chr9	38681973	38682373	+	1000	41.5	[12.570299]	[94]	[]	[]	[38682141]	[]
876_10266	chr9	130753677	130754077	+	1000	41.5	[8.009179]	[138]	[]	[]	[130753841]	[]
876_1027	chr5	134242107	134242507	+	1000	137.0	[]	[]	[12.570299]	[100]	[]	[134242298]
876_10270	chr9	131218980	131219380	+	1000	41.5	[]	[]	[7.677661]	[227]	[]	[131219225]
876_10274	chrX	2901723	2902123	+	1000	41.5	[]	[]	[12.570299]	[114]	[]	[2901909]
876_10278	chrX	110238235	110238635	+	1000	41.5	[12.570299]	[112]	[]	[]	[110238415]	[]
876_10279	chrX	134727427	134727827	+	1000	41.5	[8.182752]	[110]	[]	[]	[134727622]	[]
876_1028	chr5	147946465	147946865	+	1000	137.0	[]	[]	[12.570299]	[102]	[]	[147946664]
876_10285	chr1	16634760	16635160	+	1000	41.0	[]	[]	[9.252844]	[118]	[]	[16634955]
876_10288	chr1	31826861	31827261	+	1000	41.0	[]	[]	[9.53014]	[178]	[]	[31827059]
876_10293	chr1	46039423	46039823	+	1000	41.0	[9.252844]	[126]	[]	[]	[46039597]	[]
876_10295	chr1	70979345	70979745	+	753	41.0	[]	[]	[10.2047415]	[110]	[]	[70979520]
876_10296	chr1	75273049	75273449	+	675	41.0	[]	[]	[9.252844]	[91]	[]	[75273218]
876_10298	chr1	112904222	112904622	+	585	41.0	[]	[]	[8.84223]	[171]	[]	[112904462]
876_1030	chr9	105782431	105782831	+	1000	137.0	[]	[]	[12.570299]	[104]	[]	[105782608]
876_10309	chr1	174204171	174204571	+	1000	41.0	[12.570299]	[97]	[]	[]	[174204354]	[]
876_10313	chr1	194894407	194894807	+	1000	41.0	[]	[]	[10.2047415]	[163]	[]	[194894647]
876_10317	chr1	221962418	221962818	+	999	41.0	[]	[]	[7.7748694]	[195]	[]	[221962663]
876_1032	chr1	241696336	241696736	+	1000	136.5	[12.570299]	[104]	[]	[]	[241696528]	[]
876_10321	chr1	228484998	228485398	+	1000	41.0	[]	[]	[12.570299]	[122]	[]	[228485210]
876_10323	chr1	235588893	235589293	+	1000	41.0	[12.570299]	[89]	[]	[]	[235589074]	[]
876_10325	chr1	241485408	241485808	+	784	41.0	[]	[]	[9.252844]	[76]	[]	[241485580]
876_10328	chr1	247110643	247111043	+	1000	41.0	[8.009179]	[163]	[]	[]	[247110851]	[]
876_10332	chr10	71319426	71319826	+	975	41.0	[]	[]	[12.570299]	[187]	[]	[71319660]
876_10335	chr11	5846739	5847139	+	677	41.0	[9.252844]	[94]	[]	[]	[5846909]	[]
876_10338	chr11	62426841	62427241	+	1000	41.0	[]	[]	[8.361351]	[115]	[]	[62427016]
876_10344	chr11	128504519	128504919	+	906	41.0	[]	[]	[12.570299]	[109]	[]	[128504719]
876_10345	chr12	3684511	3684911	+	763	41.0	[]	[]	[8.361351]	[152]	[]	[3684761]
876_10348	chr12	53199701	53200101	+	1000	41.0	[]	[]	[12.570299]	[103]	[]	[53199897]
876_1035	chr3	63940420	63940820	+	1000	136.5	[9.53014]	[82]	[9.252844, 8.182752, 7.7748694]	[110, 130, 155]	[63940574]	[63940602, 63940622, 63940647]
876_10350	chr12	54549174	54549574	+	1000	41.0	[12.570299]	[82]	[]	[]	[54549350]	[]
876_10354	chr12	89817511	89817911	+	1000	41.0	[10.2047415]	[171]	[12.570299]	[122]	[89817758]	[89817709]
876_10357	chr12	107801095	107801495	+	895	41.0	[7.764176]	[105]	[12.570299]	[89]	[107801298]	[107801282]
876_10358	chr12	121658938	121659338	+	938	41.0	[8.182752]	[106]	[]	[]	[121659121]	[]
876_10359	chr13	27022918	27023318	+	1000	41.0	[9.53014]	[183]	[]	[]	[27023157]	[]
876_1036	chr3	149277520	149277920	+	1000	136.5	[8.361351]	[57]	[10.2047415]	[106]	[149277672]	[149277721]
876_10362	chr13	50460378	50460778	+	1000	41.0	[]	[]	[8.361351, 8.009179]	[87, 121]	[]	[50460563, 50460597]
876_10364	chr13	89854206	89854606	+	950	41.0	[12.570299, 8.361351]	[90, 112]	[]	[]	[89854393, 89854415]	[]
876_10366	chr13	90591541	90591941	+	1000	41.0	[]	[]	[9.53014]	[131]	[]	[90591736]
876_10367	chr13	90870775	90871175	+	797	41.0	[]	[]	[9.252844]	[101]	[]	[90870972]
876_1037	chr5	126539108	126539508	+	1000	136.5	[8.361351, 8.182752, 8.361351]	[97, 119, 159]	[]	[]	[126539293, 126539315, 126539355]	[]
876_10373	chr13	92487928	92488328	+	1000	41.0	[]	[]	[9.252844]	[171]	[]	[92488140]
876_10375	chr13	107850272	107850672	+	1000	41.0	[]	[]	[9.53014]	[130]	[]	[107850425]
876_10378	chr13	107936897	107937297	+	1000	41.0	[8.361351, 7.7748694]	[150, 161]	[]	[]	[107937071, 107937082]	[]
876_10379	chr13	107976762	107977162	+	1000	41.0	[7.7748694]	[152]	[9.53014]	[141]	[107976954]	[107976943]
876_1038	chr8	126341836	126342236	+	1000	136.5	[12.570299]	[141]	[]	[]	[126342052]	[]
876_10383	chr14	77034156	77034556	+	779	41.0	[8.182752, 8.264141]	[118, 130]	[10.2047415, 8.84223]	[80, 94]	[77034358, 77034370]	[77034320, 77034334]
876_10385	chr15	28891543	28891943	+	1000	41.0	[10.2047415]	[110]	[9.252844]	[165]	[28891735]	[28891790]
876_10387	chr15	43094619	43095019	+	834	41.0	[10.2047415]	[101]	[]	[]	[43094788]	[]
876_10390	chr15	58833830	58834230	+	862	41.0	[]	[]	[8.84223]	[179]	[]	[58834081]
876_10393	chr15	90149351	90149751	+	918	41.0	[]	[]	[12.570299, 12.570299]	[99, 113]	[]	[90149530, 90149544]
876_10394	chr15	90824104	90824504	+	1000	41.0	[9.53014]	[93]	[]	[]	[90824288]	[]
876_10397	chr16	10357289	10357689	+	987	41.0	[]	[]	[8.84223]	[165]	[]	[10357518]
876_104	chr6	6851020	6851420	+	1000	407.5	[]	[]	[12.570299]	[101]	[]	[6851220]
876_1040	chr17	45345461	45345861	+	1000	136.0	[]	[]	[8.361351]	[133]	[]	[45345672]
876_10400	chr16	80023987	80024387	+	801	41.0	[12.570299, 9.252844]	[78, 135]	[9.252844]	[132]	[80024162, 80024219]	[80024216]
876_10409	chr19	18000467	18000867	+	1000	41.0	[12.570299, 12.570299]	[57, 145]	[]	[]	[18000620, 18000708]	[]
876_1041	chr19	962224	962624	+	1000	136.0	[12.570299]	[120]	[]	[]	[962443]	[]
876_10411	chr19	52566578	52566978	+	944	41.0	[]	[]	[12.570299]	[151]	[]	[52566798]
876_10413	chr2	27010782	27011182	+	1000	41.0	[8.84223]	[154]	[]	[]	[27011029]	[]
876_10417	chr2	64426141	64426541	+	1000	41.0	[]	[]	[12.570299]	[165]	[]	[64426379]
876_10423	chr2	101036555	101036955	+	1000	41.0	[]	[]	[8.182752, 10.2047415]	[91, 114]	[]	[101036743, 101036766]
876_10426	chr2	148362167	148362567	+	990	41.0	[12.570299]	[89]	[]	[]	[148362353]	[]
876_10429	chr2	169204154	169204554	+	1000	41.0	[]	[]	[12.570299]	[106]	[]	[169204359]
876_10432	chr2	177637027	177637427	+	1000	41.0	[]	[]	[12.570299]	[136]	[]	[177637263]
876_10434	chr2	203352867	203353267	+	1000	41.0	[]	[]	[8.264141]	[85]	[]	[203353044]
876_10436	chr2	238420469	238420869	+	823	41.0	[9.252844]	[105]	[]	[]	[238420666]	[]
876_10440	chr21	34771464	34771864	+	1000	41.0	[7.677661]	[140]	[]	[]	[34771700]	[]
876_10445	chr22	20019919	20020319	+	1000	41.0	[]	[]	[12.570299]	[160]	[]	[20020166]
876_10447	chr22	20677696	20678096	+	1000	41.0	[]	[]	[9.53014, 12.570299]	[204, 224]	[]	[20677925, 20677945]
876_10448	chr22	20789713	20790113	+	873	41.0	[7.553737, 8.264141]	[186, 225]	[]	[]	[20789900, 20789939]	[]
876_1045	chr6	107275304	107275704	+	1000	136.0	[9.252844]	[121]	[]	[]	[107275511]	[]
876_10451	chr22	21598848	21599248	+	740	41.0	[7.676677]	[166]	[]	[]	[21599023]	[]
876_10460	chr22	22444570	22444970	+	1000	41.0	[8.84223]	[198]	[]	[]	[22444811]	[]
876_10464	chr22	22869575	22869975	+	1000	41.0	[]	[]	[7.7748694]	[115]	[]	[22869771]
876_10469	chr3	5023420	5023820	+	774	41.0	[]	[]	[8.182752]	[136]	[]	[5023622]
876_10476	chr3	30606146	30606546	+	897	41.0	[10.2047415]	[118]	[]	[]	[30606364]	[]
876_10482	chr3	45209654	45210054	+	904	41.0	[12.570299]	[179]	[]	[]	[45209896]	[]
876_10489	chr3	111545404	111545804	+	1000	41.0	[10.2047415, 8.264141]	[84, 94]	[]	[]	[111545566, 111545576]	[]
876_1049	chr19	20233163	20233563	+	1000	135.5	[10.2047415, 8.361351]	[90, 166]	[]	[]	[20233332, 20233408]	[]
876_10496	chr3	160445924	160446324	+	1000	41.0	[10.2047415, 9.53014]	[119, 123]	[]	[]	[160446128, 160446132]	[]
876_10505	chr4	83262621	83263021	+	1000	41.0	[12.570299]	[133]	[]	[]	[83262845]	[]
876_10507	chr4	131352667	131353067	+	1000	41.0	[12.570299]	[105]	[]	[]	[131352863]	[]
876_10509	chr5	89271934	89272334	+	1000	41.0	[10.2047415, 7.5891633]	[102, 126]	[]	[]	[89272123, 89272147]	[]
876_1051	chr2	72757176	72757576	+	1000	135.5	[9.252844]	[133]	[]	[]	[72757386]	[]
876_10510	chr5	108259245	108259645	+	1000	41.0	[]	[]	[12.570299]	[135]	[]	[108259463]
876_10512	chr5	132907014	132907414	+	1000	41.0	[]	[]	[12.570299, 8.264141]	[75, 164]	[]	[132907175, 132907264]
876_10514	chr5	150143002	150143402	+	630	41.0	[]	[]	[9.53014]	[183]	[]	[150143201]
876_10515	chr5	154724050	154724450	+	1000	41.0	[]	[]	[10.2047415, 7.7748694]	[61, 115]	[]	[154724208, 154724262]
876_10518	chr6	13406841	13407241	+	1000	41.0	[8.264141]	[109]	[]	[]	[13407043]	[]
876_10520	chr6	27140013	27140413	+	800	41.0	[7.677661]	[157]	[]	[]	[27140199]	[]
876_10528	chr6	108361302	108361702	+	1000	41.0	[]	[]	[9.252844]	[113]	[]	[108361486]
876_10529	chr6	108752754	108753154	+	1000	41.0	[]	[]	[9.252844]	[136]	[]	[108752984]
876_10531	chr6	111239489	111239889	+	1000	41.0	[]	[]	[9.53014]	[140]	[]	[111239704]
876_10532	chr6	112951733	112952133	+	1000	41.0	[8.009179]	[59]	[8.361351]	[114]	[112951891]	[112951946]
876_10534	chr6	141917104	141917504	+	1000	41.0	[12.570299]	[137]	[]	[]	[141917326]	[]
876_10535	chr6	146451178	146451578	+	899	41.0	[7.553737, 12.570299]	[110, 123]	[]	[]	[146451380, 146451393]	[]
876_10539	chr6	166959255	166959655	+	725	41.0	[]	[]	[9.53014]	[93]	[]	[166959440]
876_10541	chr6	170553607	170554007	+	1000	41.0	[12.570299]	[159]	[]	[]	[170553833]	[]
876_10542	chr7	7564234	7564634	+	1000	41.0	[8.009179]	[112]	[]	[]	[7564399]	[]
876_10543	chr7	13806512	13806912	+	1000	41.0	[12.570299]	[152]	[]	[]	[13806735]	[]
876_10546	chr7	65988086	65988486	+	993	41.0	[9.53014]	[220]	[]	[]	[65988327]	[]
876_10549	chr7	106119332	106119732	+	1000	41.0	[10.2047415]	[126]	[12.570299]	[105]	[106119520]	[106119499]
876_1055	chr15	58037975	58038375	+	1000	135.0	[]	[]	[10.2047415]	[100]	[]	[58038171]
876_10551	chr7	133815907	133816307	+	1000	41.0	[]	[]	[10.2047415]	[112]	[]	[133816115]
876_10555	chr8	37867106	37867506	+	778	41.0	[9.252844]	[142]	[]	[]	[37867338]	[]
876_10556	chr8	49095807	49096207	+	937	41.0	[8.361351]	[138]	[]	[]	[49096036]	[]
876_10559	chr8	102352532	102352932	+	1000	41.0	[9.252844]	[101]	[]	[]	[102352716]	[]
876_10561	chr9	98225160	98225560	+	810	41.0	[9.252844]	[161]	[]	[]	[98225404]	[]
876_10563	chr9	116421064	116421464	+	598	41.0	[8.182752]	[214]	[]	[]	[116421292]	[]
876_10566	chr9	130934652	130935052	+	1000	41.0	[8.182752]	[148]	[]	[]	[130934865]	[]
876_10569	chr9	131534884	131535284	+	946	41.0	[8.182752]	[170]	[]	[]	[131535108]	[]
876_1057	chr9	34158356	34158756	+	1000	135.0	[]	[]	[12.570299]	[101]	[]	[34158555]
876_10574	chrX	15744262	15744662	+	1000	41.0	[]	[]	[8.361351]	[152]	[]	[15744489]
876_10576	chrX	19640691	19641091	+	932	41.0	[7.578352]	[171]	[10.2047415, 9.252844]	[148, 161]	[19640939]	[19640916, 19640929]
876_10577	chrX	118496322	118496722	+	1000	41.0	[9.252844]	[129]	[9.252844]	[126]	[118496548]	[118496545]
876_10580	chr1	23790492	23790892	+	751	40.5	[]	[]	[12.570299]	[185]	[]	[23790685]
876_10584	chr1	29182091	29182491	+	836	40.5	[]	[]	[9.252844]	[103]	[]	[29182256]
876_10585	chr1	32072257	32072657	+	1000	40.5	[]	[]	[8.361351]	[103]	[]	[32072436]
876_10586	chr1	38875869	38876269	+	913	40.5	[]	[]	[9.53014]	[138]	[]	[38876098]
876_10587	chr1	39196014	39196414	+	996	40.5	[7.677661]	[67]	[7.677661, 7.677661]	[66, 146]	[39196180]	[39196179, 39196259]
876_10589	chr1	47313451	47313851	+	1000	40.5	[]	[]	[12.570299]	[116]	[]	[47313658]
876_1059	chr16	3646217	3646617	+	1000	134.5	[12.570299, 12.570299]	[103, 119]	[]	[]	[3646416, 3646432]	[]
876_10590	chr1	54577585	54577985	+	1000	40.5	[9.252844]	[111]	[]	[]	[54577783]	[]
876_10591	chr1	69928302	69928702	+	949	40.5	[]	[]	[12.570299]	[83]	[]	[69928484]
876_10592	chr1	70504367	70504767	+	873	40.5	[8.361351]	[75]	[]	[]	[70504537]	[]
876_10593	chr1	87754086	87754486	+	896	40.5	[8.84223]	[101]	[8.84223]	[98]	[87754263]	[87754260]
876_10596	chr1	108913226	108913626	+	976	40.5	[7.677661]	[204]	[]	[]	[108913449]	[]
876_10597	chr1	109219723	109220123	+	1000	40.5	[10.2047415]	[135]	[10.2047415]	[163]	[109219911]	[109219939]
876_10600	chr1	114668860	114669260	+	1000	40.5	[8.84223]	[159]	[10.2047415]	[169]	[114669067]	[114669077]
876_10602	chr1	145846161	145846561	+	1000	40.5	[8.361351]	[103]	[]	[]	[145846363]	[]
876_10603	chr1	162634286	162634686	+	1000	40.5	[12.570299]	[85]	[]	[]	[162634470]	[]
876_10606	chr1	182289753	182290153	+	1000	40.5	[8.361351]	[146]	[]	[]	[182289991]	[]
876_10609	chr1	204319453	204319853	+	1000	40.5	[]	[]	[12.570299]	[146]	[]	[204319662]
876_1061	chr2	173532677	173533077	+	1000	134.5	[]	[]	[12.570299]	[105]	[]	[173532845]
876_10610	chr1	207963735	207964135	+	677	40.5	[8.361351, 10.2047415]	[102, 118]	[]	[]	[207963937, 207963953]	[]
876_10612	chr1	221306656	221307056	+	799	40.5	[]	[]	[9.53014]	[66]	[]	[221306822]
876_10613	chr1	224353940	224354340	+	1000	40.5	[7.553737]	[139]	[]	[]	[224354155]	[]
876_10614	chr1	226002037	226002437	+	1000	40.5	[]	[]	[7.676677]	[146]	[]	[226002255]
876_1062	chr5	21834790	21835190	+	1000	134.5	[]	[]	[10.2047415]	[85]	[]	[21834961]
876_10623	chr10	102455063	102455463	+	1000	40.5	[]	[]	[7.676677]	[150]	[]	[102455277]
876_10624	chr10	117718943	117719343	+	849	40.5	[]	[]	[12.570299]	[147]	[]	[117719151]
876_10626	chr11	33937200	33937600	+	1000	40.5	[]	[]	[7.5891633]	[146]	[]	[33937430]
876_1063	chr7	66439782	66440182	+	1000	134.5	[9.53014]	[74]	[]	[]	[66439952]	[]
876_10630	chr11	92002584	92002984	+	1000	40.5	[12.570299]	[166]	[]	[]	[92002802]	[]
876_10631	chr11	95733844	95734244	+	1000	40.5	[]	[]	[9.53014]	[73]	[]	[95734014]
876_10637	chr12	45878638	45879038	+	906	40.5	[10.2047415]	[158]	[9.53014]	[185]	[45878855]	[45878882]
876_10638	chr12	47346584	47346984	+	1000	40.5	[]	[]	[12.570299]	[102]	[]	[47346768]
876_1064	chr7	77944523	77944923	+	1000	134.5	[]	[]	[12.570299]	[132]	[]	[77944740]
876_10640	chr12	71301131	71301531	+	978	40.5	[]	[]	[12.570299]	[178]	[]	[71301379]
876_10643	chr12	93941786	93942186	+	920	40.5	[8.009179, 12.570299]	[111, 148]	[]	[]	[93941964, 93942001]	[]
876_10645	chr12	112333024	112333424	+	814	40.5	[10.2047415]	[90]	[7.764176, 12.570299]	[123, 134]	[112333206]	[112333239, 112333250]
876_10647	chr13	16017554	16017954	+	838	40.5	[9.53014]	[142]	[]	[]	[16017728]	[]
876_10648	chr13	17533307	17533707	+	900	40.5	[10.2047415]	[125]	[9.252844]	[182]	[17533500]	[17533557]
876_1065	chr8	9059597	9059997	+	1000	134.5	[12.570299]	[106]	[]	[]	[9059801]	[]
876_10653	chr13	92530473	92530873	+	1000	40.5	[8.361351]	[168]	[]	[]	[92530708]	[]
876_10655	chr13	95314415	95314815	+	1000	40.5	[12.570299]	[82]	[]	[]	[95314595]	[]
876_10659	chr15	49747256	49747656	+	1000	40.5	[12.570299]	[114]	[]	[]	[49747456]	[]
876_10661	chr15	88930584	88930984	+	668	40.5	[]	[]	[7.578352]	[105]	[]	[88930772]
876_10662	chr15	89070522	89070922	+	554	40.5	[7.5891633]	[170]	[12.570299]	[103]	[89070756]	[89070689]
876_10664	chr16	1828774	1829174	+	687	40.5	[7.764176]	[179]	[7.764176]	[178]	[1829024]	[1829023]
876_10665	chr16	11345668	11346068	+	1000	40.5	[]	[]	[8.361351]	[79]	[]	[11345843]
876_10666	chr16	67892701	67893101	+	1000	40.5	[]	[]	[12.570299]	[177]	[]	[67892945]
876_10668	chr16	75072524	75072924	+	956	40.5	[12.570299]	[213]	[]	[]	[75072771]	[]
876_10669	chr16	78705696	78706096	+	904	40.5	[]	[]	[9.53014, 10.2047415]	[125, 129]	[]	[78705915, 78705919]
876_1067	chr1	16866882	16867282	+	1000	134.0	[12.570299]	[103]	[]	[]	[16867080]	[]
876_10673	chr17	59453732	59454132	+	1000	40.5	[12.570299]	[90]	[]	[]	[59453907]	[]
876_10675	chr17	69093278	69093678	+	1000	40.5	[9.53014]	[164]	[]	[]	[69093515]	[]
876_10683	chr18	22471840	22472240	+	1000	40.5	[9.252844]	[119]	[]	[]	[22472050]	[]
876_10684	chr18	51169198	51169598	+	1000	40.5	[8.361351]	[138]	[]	[]	[51169391]	[]
876_10685	chr18	61710116	61710516	+	852	40.5	[]	[]	[8.361351]	[104]	[]	[61710298]
876_10686	chr19	29811355	29811755	+	1000	40.5	[]	[]	[12.570299]	[167]	[]	[29811574]
876_10687	chr19	45646200	45646600	+	1000	40.5	[12.570299]	[114]	[]	[]	[45646362]	[]
876_10688	chr19	46784850	46785250	+	1000	40.5	[]	[]	[12.570299]	[103]	[]	[46785035]
876_10689	chr19	48891765	48892165	+	684	40.5	[9.53014, 8.009179]	[128, 145]	[8.84223]	[115]	[48891956, 48891973]	[48891943]
876_1069	chr1	202380150	202380550	+	1000	134.0	[]	[]	[10.2047415]	[116]	[]	[202380366]
876_10690	chr19	51808544	51808944	+	827	40.5	[]	[]	[9.252844]	[134]	[]	[51808756]
876_10691	chr19	53161181	53161581	+	1000	40.5	[9.53014]	[181]	[]	[]	[53161427]	[]
876_10695	chr2	12716477	12716877	+	1000	40.5	[]	[]	[12.570299]	[131]	[]	[12716687]
876_10697	chr2	30127528	30127928	+	989	40.5	[8.361351]	[123]	[]	[]	[30127749]	[]
876_10698	chr2	36664037	36664437	+	1000	40.5	[]	[]	[9.53014]	[146]	[]	[36664263]
876_10699	chr2	55141814	55142214	+	924	40.5	[7.553737]	[147]	[]	[]	[55142016]	[]
876_1070	chr12	50241226	50241626	+	1000	134.0	[10.2047415]	[123]	[10.2047415]	[101]	[50241431]	[50241409]
876_10701	chr2	71884314	71884714	+	950	40.5	[8.009179]	[155]	[]	[]	[71884537]	[]
876_10709	chr2	177241772	177242172	+	903	40.5	[]	[]	[10.2047415]	[157]	[]	[177242007]
876_1071	chr2	134598362	134598762	+	1000	134.0	[10.2047415, 9.53014]	[141, 160]	[]	[]	[134598582, 134598601]	[]
876_10711	chr2	181787637	181788037	+	1000	40.5	[]	[]	[9.53014]	[152]	[]	[181787832]
876_10714	chr20	22045958	22046358	+	911	40.5	[]	[]	[12.570299]	[106]	[]	[22046139]
876_1072	chr8	47458368	47458768	+	1000	134.0	[]	[]	[8.009179]	[148]	[]	[47458603]
876_10723	chr22	16783063	16783463	+	861	40.5	[10.2047415]	[162]	[7.677661]	[200]	[16783274]	[16783312]
876_10725	chr22	19944728	19945128	+	673	40.5	[]	[]	[8.009179]	[165]	[]	[19944930]
876_10727	chr22	20477555	20477955	+	1000	40.5	[]	[]	[7.5891633]	[83]	[]	[20477736]
876_10728	chr22	20741729	20742129	+	1000	40.5	[7.764176]	[209]	[]	[]	[20741940]	[]
876_1073	chr1	23101448	23101848	+	1000	133.5	[12.570299]	[127]	[]	[]	[23101662]	[]
876_1074	chr4	48683808	48684208	+	1000	133.5	[]	[]	[7.764176]	[137]	[]	[48684040]
876_10740	chr22	22766212	22766612	+	1000	40.5	[7.7748694]	[123]	[]	[]	[22766415]	[]
876_10742	chr22	23137433	23137833	+	1000	40.5	[]	[]	[12.570299]	[130]	[]	[23137625]
876_10747	chr3	32461616	32462016	+	1000	40.5	[8.264141, 12.570299]	[130, 143]	[]	[]	[32461830, 32461843]	[]
876_10748	chr3	39207692	39208092	+	864	40.5	[8.84223]	[170]	[8.264141]	[218]	[39207892]	[39207940]
876_1075	chr7	38264651	38265051	+	1000	133.5	[9.53014, 8.361351, 9.53014, 8.361351]	[85, 99, 110, 124]	[]	[]	[38264830, 38264844, 38264855, 38264869]	[]
876_10750	chr3	122498162	122498562	+	1000	40.5	[12.570299]	[134]	[]	[]	[122498375]	[]
876_10753	chr3	150449053	150449453	+	950	40.5	[]	[]	[8.264141]	[129]	[]	[150449276]
876_10754	chr3	160451517	160451917	+	966	40.5	[10.2047415, 8.84223]	[106, 141]	[]	[]	[160451703, 160451738]	[]
876_10757	chr3	195699775	195700175	+	876	40.5	[10.2047415]	[68]	[]	[]	[195699938]	[]
876_1076	chr7	73715703	73716103	+	1000	133.5	[]	[]	[9.252844]	[144]	[]	[73715927]
876_10760	chr4	99734723	99735123	+	772	40.5	[7.676677]	[138]	[]	[]	[99734947]	[]
876_10762	chr4	143849360	143849760	+	1000	40.5	[12.570299, 10.2047415]	[92, 141]	[]	[]	[143849548, 143849597]	[]
876_10763	chr4	154660069	154660469	+	906	40.5	[]	[]	[12.570299, 8.182752]	[145, 178]	[]	[154660283, 154660316]
876_10764	chr4	184266059	184266459	+	1000	40.5	[10.2047415]	[148]	[]	[]	[184266301]	[]
876_10765	chr5	10317798	10318198	+	1000	40.5	[]	[]	[12.570299]	[121]	[]	[10318012]
876_10766	chr5	12615027	12615427	+	1000	40.5	[7.764176]	[166]	[7.764176]	[165]	[12615215]	[12615214]
876_10772	chr5	149485717	149486117	+	1000	40.5	[]	[]	[9.53014]	[76]	[]	[149485875]
876_10775	chr6	20202622	20203022	+	1000	40.5	[]	[]	[12.570299]	[159]	[]	[20202847]
876_10779	chr6	29424639	29425039	+	615	40.5	[12.570299]	[119]	[]	[]	[29424852]	[]
876_10780	chr6	36820447	36820847	+	1000	40.5	[10.2047415]	[112]	[]	[]	[36820648]	[]
876_10783	chr6	106405028	106405428	+	805	40.5	[12.570299]	[165]	[]	[]	[106405251]	[]
876_10787	chr6	136415528	136415928	+	1000	40.5	[7.7748694, 10.2047415]	[145, 183]	[]	[]	[136415729, 136415767]	[]
876_10788	chr6	139695350	139695750	+	1000	40.5	[10.2047415, 8.361351]	[155, 169]	[]	[]	[139695575, 139695589]	[]
876_10789	chr6	151088730	151089130	+	924	40.5	[8.009179, 12.570299]	[90, 105]	[]	[]	[151088918, 151088933]	[]
876_1079	chr12	26256271	26256671	+	1000	132.5	[]	[]	[8.361351]	[99]	[]	[26256465]
876_10793	chr7	32779144	32779544	+	674	40.5	[8.361351]	[109]	[]	[]	[32779346]	[]
876_10795	chr7	65475699	65476099	+	852	40.5	[7.764176]	[147]	[8.361351]	[158]	[65475938]	[65475949]
876_108	chr1	14422063	14422463	+	1000	394.0	[]	[]	[12.570299]	[116]	[]	[14422272]
876_10807	chr7	121133999	121134399	+	1000	40.5	[9.252844]	[143]	[]	[]	[121134223]	[]
876_1081	chr2	38440767	38441167	+	1000	132.5	[7.553737, 9.252844]	[98, 134]	[9.252844]	[131]	[38440945, 38440981]	[38440978]
876_10810	chr7	127652769	127653169	+	991	40.5	[]	[]	[9.252844]	[141]	[]	[127652983]
876_10816	chr7	150912919	150913319	+	802	40.5	[12.570299]	[109]	[]	[]	[150913107]	[]
876_10817	chr8	2178052	2178452	+	991	40.5	[]	[]	[9.252844]	[89]	[]	[2178231]
876_10818	chr8	21927669	21928069	+	950	40.5	[12.570299]	[121]	[]	[]	[21927889]	[]
876_10819	chr8	22556373	22556773	+	1000	40.5	[8.84223]	[87]	[]	[]	[22556549]	[]
876_10821	chr8	38149410	38149810	+	963	40.5	[]	[]	[10.2047415, 9.252844]	[95, 127]	[]	[38149591, 38149623]
876_10822	chr8	55071242	55071642	+	796	40.5	[10.2047415]	[120]	[]	[]	[55071429]	[]
876_10825	chr8	98402818	98403218	+	944	40.5	[7.7748694]	[146]	[8.361351]	[109]	[98403026]	[98402989]
876_10830	chr9	98848394	98848794	+	926	40.5	[9.53014]	[188]	[8.84223]	[121]	[98848637]	[98848570]
876_10833	chr9	130807087	130807487	+	1000	40.5	[]	[]	[8.361351]	[143]	[]	[130807284]
876_1084	chr6	115960281	115960681	+	1000	132.5	[12.570299]	[151]	[]	[]	[115960500]	[]
876_10842	chrX	101642049	101642449	+	823	40.5	[]	[]	[9.252844]	[143]	[]	[101642263]
876_10845	chr1	14777856	14778256	+	961	40.0	[]	[]	[8.009179]	[61]	[]	[14778010]
876_10847	chr1	19436622	19437022	+	1000	40.0	[8.361351]	[78]	[]	[]	[19436796]	[]
876_1085	chr8	128341472	128341872	+	1000	132.5	[12.570299, 12.570299]	[110, 121]	[]	[]	[128341679, 128341690]	[]
876_10851	chr1	39170959	39171359	+	1000	40.0	[]	[]	[10.2047415]	[148]	[]	[39171171]
876_10853	chr1	39890350	39890750	+	879	40.0	[7.7748694]	[108]	[]	[]	[39890549]	[]
876_10870	chr1	182909518	182909918	+	1000	40.0	[9.252844]	[94]	[]	[]	[182909700]	[]
876_10871	chr1	185345820	185346220	+	1000	40.0	[]	[]	[12.570299]	[97]	[]	[185345990]
876_10874	chr1	212567125	212567525	+	1000	40.0	[]	[]	[12.570299]	[112]	[]	[212567334]
876_10875	chr1	213017839	213018239	+	1000	40.0	[10.2047415]	[118]	[8.264141]	[84]	[213018045]	[213018011]
876_10877	chr1	220272475	220272875	+	697	40.0	[]	[]	[7.676677]	[119]	[]	[220272628]
876_10878	chr1	222642398	222642798	+	1000	40.0	[10.2047415]	[124]	[]	[]	[222642600]	[]
876_10879	chr1	230964999	230965399	+	951	40.0	[7.578352]	[212]	[]	[]	[230965242]	[]
876_10888	chr10	25466553	25466953	+	770	40.0	[]	[]	[12.570299]	[201]	[]	[25466783]
876_10895	chr10	92027109	92027509	+	1000	40.0	[8.009179]	[101]	[12.570299]	[84]	[92027301]	[92027284]
876_10899	chr10	118769225	118769625	+	944	40.0	[12.570299]	[108]	[]	[]	[118769425]	[]
876_10901	chr11	13424693	13425093	+	977	40.0	[12.570299]	[100]	[]	[]	[13424886]	[]
876_10902	chr11	13776032	13776432	+	816	40.0	[]	[]	[12.570299, 8.361351]	[86, 126]	[]	[13776200, 13776240]
876_10908	chr11	57150432	57150832	+	1000	40.0	[9.53014]	[91]	[]	[]	[57150609]	[]
876_10912	chr11	68442406	68442806	+	1000	40.0	[8.361351]	[128]	[]	[]	[68442619]	[]
876_10915	chr11	83087058	83087458	+	828	40.0	[9.53014]	[197]	[]	[]	[83087266]	[]
876_10919	chr11	114395680	114396080	+	1000	40.0	[]	[]	[8.182752]	[144]	[]	[114395911]
876_1092	chr22	23147529	23147929	+	1000	132.0	[12.570299, 8.84223]	[115, 141]	[]	[]	[23147743, 23147769]	[]
876_10923	chr12	55101595	55101995	+	864	40.0	[]	[]	[12.570299]	[115]	[]	[55101809]
876_10927	chr12	98425868	98426268	+	665	40.0	[]	[]	[10.2047415]	[119]	[]	[98426077]
876_10929	chr12	109385538	109385938	+	1000	40.0	[12.570299]	[142]	[]	[]	[109385755]	[]
876_10934	chr13	89795836	89796236	+	1000	40.0	[]	[]	[9.53014]	[204]	[]	[89796047]
876_10935	chr13	90082608	90083008	+	912	40.0	[7.677661]	[203]	[7.677661]	[202]	[90082857]	[90082856]
876_10942	chr13	92350135	92350535	+	1000	40.0	[7.7748694]	[145]	[]	[]	[92350287]	[]
876_10947	chr13	93366825	93367225	+	978	40.0	[]	[]	[7.5891633]	[186]	[]	[93367014]
876_10949	chr13	107957308	107957708	+	885	40.0	[9.53014, 7.5891633]	[121, 133]	[]	[]	[107957467, 107957479]	[]
876_10952	chr14	23237745	23238145	+	815	40.0	[]	[]	[12.570299]	[133]	[]	[23237964]
876_10957	chr15	56866780	56867180	+	1000	40.0	[12.570299]	[112]	[]	[]	[56866987]	[]
876_10958	chr15	57323736	57324136	+	992	40.0	[8.009179]	[114]	[]	[]	[57323933]	[]
876_10960	chr15	78457136	78457536	+	1000	40.0	[]	[]	[12.570299]	[162]	[]	[78457384]
876_10963	chr16	4018588	4018988	+	1000	40.0	[]	[]	[12.570299]	[85]	[]	[4018772]
876_10964	chr16	79757101	79757501	+	1000	40.0	[]	[]	[9.53014]	[126]	[]	[79757289]
876_10965	chr16	87948123	87948523	+	1000	40.0	[]	[]	[8.361351]	[202]	[]	[87948349]
876_10969	chr17	48442841	48443241	+	775	40.0	[]	[]	[7.676677]	[145]	[]	[48443081]
876_10970	chr17	56915820	56916220	+	842	40.0	[]	[]	[10.2047415]	[135]	[]	[56916036]
876_10974	chr17	76188623	76189023	+	964	40.0	[12.570299]	[127]	[]	[]	[76188844]	[]
876_10976	chr18	22963987	22964387	+	1000	40.0	[]	[]	[8.361351]	[134]	[]	[22964169]
876_10977	chr18	35936888	35937288	+	607	40.0	[]	[]	[8.361351, 12.570299]	[101, 160]	[]	[35937066, 35937125]
876_10982	chr19	32686843	32687243	+	960	40.0	[]	[]	[9.53014]	[68]	[]	[32687000]
876_10986	chr2	187860	188260	+	911	40.0	[8.361351]	[173]	[]	[]	[188086]	[]
876_1099	chr9	133283356	133283756	+	1000	132.0	[]	[]	[8.361351]	[107]	[]	[133283561]
876_10990	chr2	37962261	37962661	+	596	40.0	[]	[]	[12.570299]	[135]	[]	[37962480]
876_10992	chr2	69946526	69946926	+	947	40.0	[]	[]	[8.182752]	[111]	[]	[69946718]
876_10993	chr2	113818336	113818736	+	959	40.0	[]	[]	[12.570299]	[136]	[]	[113818562]
876_10997	chr2	157182844	157183244	+	1000	40.0	[]	[]	[8.84223, 7.5891633]	[73, 102]	[]	[157183004, 157183033]
876_110	chr7	105487906	105488306	+	1000	391.5	[8.361351]	[103]	[]	[]	[105488107]	[]
876_11002	chr2	198214101	198214501	+	596	40.0	[]	[]	[8.009179]	[87]	[]	[198214280]
876_11005	chr20	44476187	44476587	+	986	40.0	[8.361351]	[118]	[]	[]	[44476393]	[]
876_11008	chr20	49765086	49765486	+	825	40.0	[]	[]	[8.264141]	[69]	[]	[49765250]
876_11024	chr22	22384063	22384463	+	1000	40.0	[]	[]	[10.2047415]	[136]	[]	[22384295]
876_11029	chr3	4245747	4246147	+	802	40.0	[]	[]	[12.570299]	[106]	[]	[4245922]
876_1103	chr21	42402809	42403209	+	1000	131.5	[]	[]	[10.2047415, 8.264141]	[63, 114]	[]	[42402972, 42403023]
876_11033	chr3	141735232	141735632	+	1000	40.0	[]	[]	[9.53014]	[104]	[]	[141735388]
876_11034	chr3	150330868	150331268	+	1000	40.0	[]	[]	[12.570299]	[106]	[]	[150331072]
876_11038	chr3	195802811	195803211	+	925	40.0	[9.252844, 7.677661]	[89, 119]	[7.677661]	[118]	[195802991, 195803021]	[195803020]
876_11039	chr4	37008163	37008563	+	878	40.0	[8.361351]	[90]	[12.570299]	[162]	[37008330]	[37008402]
876_11041	chr4	48815408	48815808	+	988	40.0	[7.676677]	[133]	[10.2047415]	[90]	[48815638]	[48815595]
876_11042	chr4	72714515	72714915	+	973	40.0	[]	[]	[8.264141, 7.553737]	[135, 155]	[]	[72714705, 72714725]
876_11046	chr4	152479405	152479805	+	1000	40.0	[9.53014]	[162]	[]	[]	[152479656]	[]
876_11048	chr5	32542587	32542987	+	973	40.0	[8.84223]	[73]	[]	[]	[32542750]	[]
876_1105	chr3	142618843	142619243	+	1000	131.5	[]	[]	[8.361351]	[60]	[]	[142619000]
876_11056	chr5	169765459	169765859	+	991	40.0	[8.264141]	[81]	[]	[]	[169765621]	[]
876_1106	chr3	185362833	185363233	+	1000	131.5	[]	[]	[9.53014]	[104]	[]	[185363035]
876_11068	chr6	28750596	28750996	+	1000	40.0	[8.361351]	[130]	[]	[]	[28750776]	[]
876_11071	chr6	32866498	32866898	+	839	40.0	[9.53014, 12.570299]	[91, 130]	[]	[]	[32866656, 32866695]	[]
876_11074	chr6	43916524	43916924	+	1000	40.0	[7.5891633]	[114]	[8.84223]	[176]	[43916711]	[43916773]
876_11076	chr6	100107394	100107794	+	1000	40.0	[8.84223]	[100]	[]	[]	[100107588]	[]
876_11079	chr6	129578283	129578683	+	1000	40.0	[]	[]	[10.2047415]	[60]	[]	[129578443]
876_1108	chr4	140413618	140414018	+	1000	131.5	[12.570299]	[95]	[]	[]	[140413812]	[]
876_11080	chr6	136323430	136323830	+	987	40.0	[]	[]	[12.570299]	[85]	[]	[136323609]
876_11083	chr6	152874254	152874654	+	1000	40.0	[7.764176]	[102]	[7.764176]	[101]	[152874454]	[152874453]
876_11084	chr7	16423005	16423405	+	946	40.0	[]	[]	[8.361351]	[91]	[]	[16423168]
876_11088	chr7	66913570	66913970	+	1000	40.0	[]	[]	[12.570299]	[110]	[]	[66913774]
876_11089	chr7	87370624	87371024	+	986	40.0	[9.252844]	[126]	[]	[]	[87370809]	[]
876_1109	chr1	206074885	206075285	+	1000	131.0	[10.2047415]	[60]	[9.53014]	[142]	[206075041]	[206075123]
876_11090	chr7	88620704	88621104	+	873	40.0	[]	[]	[8.361351]	[65]	[]	[88620869]
876_11094	chr7	105585805	105586205	+	920	40.0	[9.53014]	[110]	[]	[]	[105585999]	[]
876_11097	chr7	116951430	116951830	+	1000	40.0	[7.578352]	[134]	[]	[]	[116951630]	[]
876_11098	chr7	123521883	123522283	+	807	40.0	[]	[]	[12.570299]	[143]	[]	[123522095]
876_111	chr8	128176812	128177212	+	1000	389.5	[]	[]	[9.252844]	[128]	[]	[128177037]
876_1110	chr1	234876373	234876773	+	1000	131.0	[]	[]	[10.2047415]	[120]	[]	[234876572]
876_11106	chr7	137942685	137943085	+	1000	40.0	[9.252844]	[173]	[]	[]	[137942909]	[]
876_11108	chr7	144391745	144392145	+	866	40.0	[12.570299]	[95]	[]	[]	[144391920]	[]
876_1111	chr10	22606205	22606605	+	1000	131.0	[9.252844]	[126]	[9.252844]	[123]	[22606421]	[22606418]
876_11110	chr7	152402740	152403140	+	960	40.0	[8.361351]	[226]	[]	[]	[152402980]	[]
876_11114	chr8	52706745	52707145	+	996	40.0	[12.570299]	[133]	[]	[]	[52706974]	[]
876_11119	chr8	89826329	89826729	+	985	40.0	[]	[]	[9.252844]	[74]	[]	[89826503]
876_11121	chr8	107606597	107606997	+	1000	40.0	[]	[]	[12.570299]	[167]	[]	[107606799]
876_11123	chr8	124472270	124472670	+	929	40.0	[10.2047415]	[176]	[]	[]	[124472503]	[]
876_1113	chr11	46850853	46851253	+	1000	131.0	[12.570299]	[106]	[]	[]	[46851031]	[]
876_11143	chr1	32307357	32307757	+	954	39.5	[7.677661]	[79]	[]	[]	[32307526]	[]
876_11147	chr1	91713142	91713542	+	650	39.5	[12.570299]	[175]	[8.182752]	[162]	[91713349]	[91713336]
876_11153	chr1	162560485	162560885	+	1000	39.5	[12.570299]	[97]	[]	[]	[162560679]	[]
876_11159	chr1	204855586	204855986	+	1000	39.5	[]	[]	[8.361351]	[110]	[]	[204855792]
876_11160	chr1	207036873	207037273	+	783	39.5	[]	[]	[10.2047415]	[136]	[]	[207037071]
876_11161	chr1	212587615	212588015	+	1000	39.5	[8.361351]	[174]	[]	[]	[212587857]	[]
876_11162	chr1	212793751	212794151	+	954	39.5	[8.84223]	[96]	[]	[]	[212793944]	[]
876_11163	chr1	212974766	212975166	+	972	39.5	[8.009179, 8.361351]	[102, 139]	[]	[]	[212974955, 212974992]	[]
876_11164	chr1	213050176	213050576	+	775	39.5	[7.7748694]	[115]	[9.252844]	[135]	[213050362]	[213050382]
876_11170	chr1	248913849	248914249	+	1000	39.5	[]	[]	[12.570299]	[206]	[]	[248914093]
876_11172	chr10	5932319	5932719	+	982	39.5	[]	[]	[8.361351]	[138]	[]	[5932523]
876_11178	chr10	73349661	73350061	+	974	39.5	[7.677661]	[178]	[]	[]	[73349907]	[]
876_1118	chr3	153226844	153227244	+	1000	131.0	[12.570299]	[105]	[]	[]	[153227049]	[]
876_11182	chr10	87844850	87845250	+	789	39.5	[10.2047415]	[116]	[]	[]	[87845041]	[]
876_11183	chr10	91709299	91709699	+	845	39.5	[7.553737]	[218]	[8.84223]	[140]	[91709538]	[91709460]
876_11184	chr10	102064768	102065168	+	893	39.5	[]	[]	[12.570299, 8.182752]	[104, 157]	[]	[102064963, 102065016]
876_11185	chr10	114603927	114604327	+	1000	39.5	[]	[]	[12.570299]	[85]	[]	[114604094]
876_11186	chr11	45799067	45799467	+	1000	39.5	[]	[]	[12.570299]	[109]	[]	[45799255]
876_11193	chr12	29193610	29194010	+	804	39.5	[]	[]	[12.570299]	[97]	[]	[29193799]
876_11195	chr12	50488833	50489233	+	988	39.5	[]	[]	[12.570299]	[90]	[]	[50489017]
876_11196	chr12	51161020	51161420	+	922	39.5	[8.182752]	[150]	[]	[]	[51161223]	[]
876_11197	chr12	51827956	51828356	+	721	39.5	[]	[]	[10.2047415]	[81]	[]	[51828133]
876_112	chr10	11141501	11141901	+	1000	388.5	[]	[]	[9.53014]	[91]	[]	[11141687]
876_11201	chr12	69330025	69330425	+	781	39.5	[9.53014, 8.264141]	[193, 226]	[]	[]	[69330227, 69330260]	[]
876_11202	chr12	89679720	89680120	+	1000	39.5	[9.53014]	[114]	[]	[]	[89679905]	[]
876_11203	chr12	106267485	106267885	+	972	39.5	[8.264141]	[90]	[]	[]	[106267661]	[]
876_11204	chr12	113238398	113238798	+	980	39.5	[]	[]	[9.53014]	[118]	[]	[113238600]
876_11207	chr13	50320247	50320647	+	1000	39.5	[]	[]	[7.676677]	[75]	[]	[50320412]
876_11209	chr13	80515155	80515555	+	971	39.5	[]	[]	[8.182752]	[167]	[]	[80515359]
876_11211	chr13	89899278	89899678	+	681	39.5	[12.570299]	[118]	[]	[]	[89899471]	[]
876_11217	chr13	91499191	91499591	+	919	39.5	[10.2047415]	[105]	[]	[]	[91499349]	[]
876_11218	chr13	91502568	91502968	+	1000	39.5	[]	[]	[7.578352]	[91]	[]	[91502751]
876_11220	chr13	92294460	92294860	+	731	39.5	[]	[]	[10.2047415]	[81]	[]	[92294630]
876_11224	chr13	107891267	107891667	+	755	39.5	[]	[]	[9.53014]	[117]	[]	[107891434]
876_11227	chr14	102629148	102629548	+	933	39.5	[8.264141]	[160]	[9.53014]	[130]	[102629389]	[102629359]
876_11231	chr15	58669106	58669506	+	848	39.5	[8.84223, 8.361351]	[125, 158]	[]	[]	[58669268, 58669301]	[]
876_11236	chr16	2388778	2389178	+	804	39.5	[]	[]	[8.361351, 8.361351]	[103, 154]	[]	[2388975, 2389026]
876_11237	chr16	16194836	16195236	+	909	39.5	[12.570299]	[134]	[]	[]	[16195070]	[]
876_11238	chr16	50024520	50024920	+	885	39.5	[7.578352]	[129]	[12.570299]	[145]	[50024731]	[50024747]
876_11239	chr16	53865504	53865904	+	953	39.5	[]	[]	[7.764176]	[106]	[]	[53865684]
876_1124	chr10	41331597	41331997	+	1000	130.5	[9.252844]	[117]	[]	[]	[41331813]	[]
876_11241	chr17	7282867	7283267	+	1000	39.5	[]	[]	[12.570299]	[112]	[]	[7283076]
876_11244	chr17	50423577	50423977	+	856	39.5	[]	[]	[12.570299]	[132]	[]	[50423789]
876_11247	chr17	76567630	76568030	+	777	39.5	[7.578352]	[86]	[9.53014]	[116]	[76567804]	[76567834]
876_11249	chr18	11923439	11923839	+	927	39.5	[9.53014]	[80]	[]	[]	[11923590]	[]
876_11251	chr18	49476783	49477183	+	962	39.5	[8.361351]	[126]	[]	[]	[49477008]	[]
876_11252	chr19	9784670	9785070	+	936	39.5	[8.361351]	[103]	[]	[]	[9784870]	[]
876_11255	chr19	21593719	21594119	+	1000	39.5	[]	[]	[8.361351]	[93]	[]	[21593904]
876_11258	chr19	51127720	51128120	+	980	39.5	[8.361351]	[153]	[]	[]	[51127941]	[]
876_11259	chr19	55291876	55292276	+	788	39.5	[]	[]	[8.84223, 8.361351]	[97, 120]	[]	[55292061, 55292084]
876_11261	chr2	12554571	12554971	+	904	39.5	[]	[]	[12.570299]	[138]	[]	[12554783]
876_11264	chr2	33274467	33274867	+	577	39.5	[]	[]	[8.361351]	[149]	[]	[33274699]
876_11268	chr2	85921624	85922024	+	1000	39.5	[7.677661]	[87]	[]	[]	[85921805]	[]
876_1127	chr22	23250081	23250481	+	1000	130.5	[9.53014]	[177]	[]	[]	[23250328]	[]
876_11279	chr2	187509710	187510110	+	946	39.5	[12.570299]	[133]	[]	[]	[187509939]	[]
876_11281	chr2	215125554	215125954	+	999	39.5	[12.570299]	[64]	[8.009179]	[107]	[215125717]	[215125760]
876_11284	chr20	47333896	47334296	+	1000	39.5	[]	[]	[8.361351]	[175]	[]	[47334098]
876_11285	chr20	47397068	47397468	+	1000	39.5	[12.570299]	[92]	[]	[]	[47397247]	[]
876_11286	chr20	49982142	49982542	+	901	39.5	[12.570299]	[157]	[]	[]	[49982355]	[]
876_11290	chr21	42462621	42463021	+	666	39.5	[9.53014, 10.2047415]	[99, 150]	[]	[]	[42462818, 42462869]	[]
876_11293	chr22	19866855	19867255	+	1000	39.5	[9.53014]	[148]	[]	[]	[19867084]	[]
876_11297	chr22	20442738	20443138	+	968	39.5	[8.361351, 12.570299]	[136, 177]	[]	[]	[20442948, 20442989]	[]
876_1130	chr6	17843217	17843617	+	1000	130.5	[8.84223, 12.570299]	[70, 100]	[]	[]	[17843386, 17843416]	[]
876_11318	chr3	14246398	14246798	+	997	39.5	[12.570299]	[137]	[]	[]	[14246621]	[]
876_11319	chr3	16048673	16049073	+	677	39.5	[]	[]	[8.84223]	[114]	[]	[16048859]
876_11322	chr3	34198554	34198954	+	832	39.5	[7.578352]	[116]	[12.570299]	[105]	[34198768]	[34198757]
876_11328	chr3	150479371	150479771	+	965	39.5	[]	[]	[8.361351]	[103]	[]	[150479558]
876_11333	chr3	195709631	195710031	+	1000	39.5	[9.53014]	[147]	[]	[]	[195709857]	[]
876_11336	chr4	23464562	23464962	+	818	39.5	[]	[]	[8.361351]	[107]	[]	[23464766]
876_11337	chr4	47913443	47913843	+	1000	39.5	[]	[]	[7.764176]	[112]	[]	[47913647]
876_1134	chr1	144551726	144552126	+	1000	130.0	[10.2047415]	[115]	[]	[]	[144551936]	[]
876_11340	chr4	87058590	87058990	+	896	39.5	[12.570299]	[123]	[]	[]	[87058778]	[]
876_11342	chr4	122636722	122637122	+	858	39.5	[10.2047415]	[141]	[]	[]	[122636910]	[]
876_11343	chr4	122766885	122767285	+	999	39.5	[]	[]	[12.570299]	[94]	[]	[122767053]
876_11349	chr5	43767047	43767447	+	954	39.5	[10.2047415]	[185]	[]	[]	[43767281]	[]
876_11350	chr5	72282696	72283096	+	1000	39.5	[]	[]	[12.570299]	[94]	[]	[72282883]
876_11352	chr5	80181507	80181907	+	751	39.5	[9.53014]	[128]	[7.7748694]	[55]	[80181735]	[80181662]
876_11353	chr5	96823809	96824209	+	1000	39.5	[9.252844]	[89]	[]	[]	[96823997]	[]
876_11354	chr5	112922270	112922670	+	1000	39.5	[7.7748694]	[114]	[8.361351]	[88]	[112922474]	[112922448]
876_1136	chr11	129846382	129846782	+	1000	130.0	[]	[]	[10.2047415]	[61]	[]	[129846541]
876_11362	chr6	15879871	15880271	+	1000	39.5	[7.578352, 10.2047415]	[102, 144]	[]	[]	[15880071, 15880113]	[]
876_11365	chr6	28720139	28720539	+	1000	39.5	[]	[]	[8.361351]	[98]	[]	[28720314]
876_1137	chr12	46365885	46366285	+	1000	130.0	[]	[]	[12.570299]	[102]	[]	[46366087]
876_11370	chr6	37496976	37497376	+	891	39.5	[]	[]	[10.2047415]	[82]	[]	[37497156]
876_11371	chr6	39964552	39964952	+	1000	39.5	[10.2047415]	[142]	[]	[]	[39964759]	[]
876_11373	chr6	53633992	53634392	+	999	39.5	[8.84223]	[173]	[]	[]	[53634219]	[]
876_1138	chr12	106288394	106288794	+	1000	130.0	[9.252844]	[91]	[]	[]	[106288581]	[]
876_11380	chr6	150185033	150185433	+	952	39.5	[8.361351]	[85]	[]	[]	[150185214]	[]
876_11384	chr7	39238265	39238665	+	979	39.5	[]	[]	[12.570299]	[129]	[]	[39238471]
876_11386	chr7	99498857	99499257	+	996	39.5	[12.570299]	[156]	[]	[]	[99499086]	[]
876_11387	chr7	100082643	100083043	+	691	39.5	[7.7748694]	[99]	[]	[]	[100082818]	[]
876_11388	chr7	107725121	107725521	+	960	39.5	[]	[]	[10.2047415]	[101]	[]	[107725302]
876_11396	chr8	15635530	15635930	+	858	39.5	[12.570299]	[123]	[]	[]	[15635733]	[]
876_11398	chr8	86352507	86352907	+	1000	39.5	[9.252844, 10.2047415]	[98, 113]	[8.84223]	[151]	[86352685, 86352700]	[86352738]
876_114	chr17	28475304	28475704	+	1000	388.0	[8.84223]	[88]	[]	[]	[28475491]	[]
876_1140	chr17	79822057	79822457	+	1000	130.0	[]	[]	[8.361351]	[72]	[]	[79822224]
876_11401	chr8	125957755	125958155	+	951	39.5	[]	[]	[10.2047415]	[170]	[]	[125957950]
876_11404	chr9	2728004	2728404	+	870	39.5	[]	[]	[10.2047415]	[115]	[]	[2728194]
876_11406	chr9	87578636	87579036	+	647	39.5	[]	[]	[9.53014]	[91]	[]	[87578813]
876_11407	chr9	92312909	92313309	+	629	39.5	[]	[]	[9.53014]	[115]	[]	[92313111]
876_11408	chr9	99057799	99058199	+	803	39.5	[9.53014]	[138]	[]	[]	[99058008]	[]
876_1141	chr2	111918400	111918800	+	1000	130.0	[12.570299, 7.677661]	[99, 113]	[7.677661]	[112]	[111918597, 111918611]	[111918610]
876_11411	chr9	116383896	116384296	+	572	39.5	[]	[]	[12.570299]	[123]	[]	[116384102]
876_11415	chr9	131048223	131048623	+	1000	39.5	[]	[]	[8.361351]	[97]	[]	[131048398]
876_11420	chrX	12965614	12966014	+	754	39.5	[9.53014]	[167]	[]	[]	[12965841]	[]
876_11432	chr1	31880909	31881309	+	759	39.0	[10.2047415]	[138]	[]	[]	[31881128]	[]
876_11433	chr1	31889372	31889772	+	836	39.0	[9.53014]	[140]	[]	[]	[31889533]	[]
876_11439	chr1	47333381	47333781	+	980	39.0	[]	[]	[12.570299]	[130]	[]	[47333541]
876_11443	chr1	110438833	110439233	+	750	39.0	[]	[]	[12.570299]	[115]	[]	[110439026]
876_11447	chr1	147245733	147246133	+	683	39.0	[]	[]	[9.252844]	[108]	[]	[147245923]
876_11449	chr1	154155647	154156047	+	927	39.0	[]	[]	[7.764176, 12.570299]	[99, 148]	[]	[154155820, 154155869]
876_11458	chr1	223759511	223759911	+	720	39.0	[12.570299]	[77]	[]	[]	[223759664]	[]
876_1146	chr10	122063208	122063608	+	1000	129.5	[12.570299]	[94]	[]	[]	[122063401]	[]
876_11461	chr1	234780119	234780519	+	959	39.0	[7.5891633]	[144]	[]	[]	[234780323]	[]
876_11468	chr10	34758351	34758751	+	712	39.0	[]	[]	[7.676677]	[143]	[]	[34758568]
876_11472	chr10	63110921	63111321	+	854	39.0	[8.264141, 8.009179]	[93, 147]	[]	[]	[63111094, 63111148]	[]
876_11473	chr10	67764507	67764907	+	970	39.0	[]	[]	[12.570299]	[229]	[]	[67764749]
876_11478	chr10	80187484	80187884	+	918	39.0	[]	[]	[12.570299]	[118]	[]	[80187668]
876_11479	chr10	95360203	95360603	+	903	39.0	[8.264141, 12.570299]	[67, 133]	[]	[]	[95360360, 95360426]	[]
876_11481	chr10	113961287	113961687	+	999	39.0	[8.264141]	[128]	[8.361351]	[165]	[113961490]	[113961527]
876_11482	chr11	2988428	2988828	+	949	39.0	[8.84223]	[169]	[]	[]	[2988648]	[]
876_11484	chr11	67583373	67583773	+	858	39.0	[]	[]	[12.570299]	[98]	[]	[67583566]
876_11487	chr11	110209266	110209666	+	669	39.0	[12.570299]	[116]	[]	[]	[110209444]	[]
876_11488	chr11	130637015	130637415	+	884	39.0	[]	[]	[12.570299]	[76]	[]	[130637180]
876_11489	chr12	42660908	42661308	+	909	39.0	[12.570299]	[109]	[]	[]	[42661115]	[]
876_1149	chr2	230335320	230335720	+	1000	129.5	[]	[]	[12.570299]	[104]	[]	[230335523]
876_11490	chr12	46983903	46984303	+	957	39.0	[12.570299]	[107]	[]	[]	[46984103]	[]
876_11495	chr12	94007775	94008175	+	574	39.0	[]	[]	[12.570299]	[147]	[]	[94007994]
876_11496	chr12	96225242	96225642	+	680	39.0	[8.361351]	[167]	[8.182752]	[96]	[96225483]	[96225412]
876_11497	chr12	102441034	102441434	+	974	39.0	[8.361351]	[125]	[]	[]	[102441218]	[]
876_11499	chr12	104603595	104603995	+	858	39.0	[]	[]	[12.570299]	[135]	[]	[104603796]
876_115	chr1	233635897	233636297	+	1000	386.5	[9.53014]	[96]	[]	[]	[233636091]	[]
876_1150	chr5	81958137	81958537	+	1000	129.5	[]	[]	[12.570299, 7.553737]	[98, 111]	[]	[81958331, 81958344]
876_11507	chr13	80610312	80610712	+	945	39.0	[8.009179]	[187]	[]	[]	[80610522]	[]
876_11513	chr13	91557691	91558091	+	964	39.0	[]	[]	[8.361351]	[165]	[]	[91557906]
876_11514	chr13	92295693	92296093	+	733	39.0	[]	[]	[8.182752]	[173]	[]	[92295935]
876_11519	chr14	20799399	20799799	+	985	39.0	[8.264141]	[86]	[]	[]	[20799556]	[]
876_1152	chr8	47305120	47305520	+	1000	129.5	[12.570299]	[142]	[]	[]	[47305337]	[]
876_11521	chr14	103356191	103356591	+	856	39.0	[12.570299]	[93]	[]	[]	[103356383]	[]
876_11522	chr15	34461620	34462020	+	858	39.0	[12.570299]	[136]	[]	[]	[34461844]	[]
876_11529	chr16	66129157	66129557	+	974	39.0	[]	[]	[9.53014]	[183]	[]	[66129380]
876_1153	chr11	63517164	63517564	+	1000	129.0	[9.252844]	[107]	[]	[]	[63517371]	[]
876_11530	chr16	71296813	71297213	+	754	39.0	[12.570299]	[143]	[]	[]	[71297043]	[]
876_11534	chr17	16381225	16381625	+	974	39.0	[]	[]	[8.264141]	[160]	[]	[16381433]
876_11535	chr17	32897370	32897770	+	757	39.0	[8.84223]	[62]	[]	[]	[32897532]	[]
876_11539	chr17	68793880	68794280	+	917	39.0	[12.570299]	[127]	[]	[]	[68794092]	[]
876_1154	chr2	17642539	17642939	+	1000	129.0	[12.570299]	[111]	[]	[]	[17642733]	[]
876_11541	chr17	79821319	79821719	+	964	39.0	[8.361351]	[124]	[12.570299]	[94]	[79821512]	[79821482]
876_11545	chr18	51503539	51503939	+	972	39.0	[12.570299]	[125]	[]	[]	[51503757]	[]
876_11547	chr19	14512956	14513356	+	830	39.0	[12.570299]	[128]	[]	[]	[14513165]	[]
876_11548	chr19	28615312	28615712	+	670	39.0	[]	[]	[12.570299]	[145]	[]	[28615463]
876_11549	chr19	40288405	40288805	+	590	39.0	[12.570299]	[108]	[]	[]	[40288597]	[]
876_11553	chr2	55097522	55097922	+	923	39.0	[]	[]	[8.361351]	[140]	[]	[55097736]
876_11554	chr2	58862283	58862683	+	693	39.0	[]	[]	[8.361351]	[94]	[]	[58862467]
876_11555	chr2	61340215	61340615	+	1000	39.0	[10.2047415]	[121]	[8.84223]	[165]	[61340413]	[61340457]
876_11556	chr2	70919760	70920160	+	986	39.0	[8.361351]	[100]	[]	[]	[70919958]	[]
876_11557	chr2	71036440	71036840	+	764	39.0	[12.570299]	[112]	[]	[]	[71036645]	[]
876_11572	chr2	235444296	235444696	+	945	39.0	[]	[]	[12.570299]	[134]	[]	[235444525]
876_11573	chr20	35161451	35161851	+	971	39.0	[12.570299]	[105]	[]	[]	[35161643]	[]
876_11576	chr20	56415123	56415523	+	907	39.0	[]	[]	[8.264141]	[168]	[]	[56415319]
876_11577	chr21	10418931	10419331	+	961	39.0	[]	[]	[7.7748694]	[136]	[]	[10419153]
876_11578	chr21	10458561	10458961	+	680	39.0	[7.5891633]	[138]	[]	[]	[10458790]	[]
876_11581	chr22	19090312	19090712	+	869	39.0	[]	[]	[8.361351]	[141]	[]	[19090542]
876_11593	chr22	21894976	21895376	+	788	39.0	[]	[]	[7.677661]	[226]	[]	[21895220]
876_11595	chr22	21976609	21977009	+	952	39.0	[9.53014]	[166]	[9.53014]	[161]	[21976829]	[21976824]
876_11599	chr22	22174006	22174406	+	963	39.0	[]	[]	[7.578352]	[94]	[]	[22174182]
876_116	chr6	25670224	25670624	+	1000	386.0	[12.570299]	[83]	[]	[]	[25670388]	[]
876_1160	chr1	21904988	21905388	+	1000	128.5	[]	[]	[7.676677, 7.676677]	[71, 158]	[]	[21905145, 21905232]
876_11600	chr22	22182986	22183386	+	625	39.0	[9.252844]	[174]	[]	[]	[22183211]	[]
876_11602	chr22	22206097	22206497	+	874	39.0	[9.252844]	[116]	[]	[]	[22206250]	[]
876_1161	chr1	121586744	121587144	+	1000	128.5	[]	[]	[12.570299]	[106]	[]	[121586942]
876_11610	chr22	37992032	37992432	+	824	39.0	[12.570299]	[139]	[]	[]	[37992259]	[]
876_11613	chr3	14707256	14707656	+	681	39.0	[]	[]	[12.570299]	[86]	[]	[14707408]
876_11614	chr3	31420284	31420684	+	572	39.0	[12.570299]	[95]	[]	[]	[31420466]	[]
876_11615	chr3	38077069	38077469	+	584	39.0	[12.570299]	[62]	[]	[]	[38077229]	[]
876_11616	chr3	38331498	38331898	+	574	39.0	[7.5891633]	[77]	[8.182752, 10.2047415]	[65, 107]	[38331669]	[38331657, 38331699]
876_11617	chr3	38961051	38961451	+	947	39.0	[]	[]	[7.7748694]	[170]	[]	[38961298]
876_11626	chr3	171975354	171975754	+	881	39.0	[12.570299]	[113]	[9.53014]	[162]	[171975549]	[171975598]
876_11631	chr4	72793150	72793550	+	993	39.0	[]	[]	[7.677661]	[133]	[]	[72793372]
876_11632	chr4	74214816	74215216	+	593	39.0	[]	[]	[12.570299]	[105]	[]	[74214984]
876_11634	chr4	158549947	158550347	+	1000	39.0	[]	[]	[12.570299]	[99]	[]	[158550124]
876_11637	chr5	39100755	39101155	+	982	39.0	[]	[]	[12.570299]	[193]	[]	[39100995]
876_1164	chr11	86034723	86035123	+	1000	128.5	[]	[]	[7.764176, 10.2047415]	[91, 100]	[]	[86034907, 86034916]
876_11641	chr5	138180158	138180558	+	955	39.0	[]	[]	[8.84223]	[104]	[]	[138180350]
876_11647	chr6	11434698	11435098	+	889	39.0	[12.570299, 7.764176]	[100, 174]	[9.252844]	[150]	[11434869, 11434943]	[11434919]
876_11649	chr6	17712553	17712953	+	971	39.0	[8.84223]	[171]	[]	[]	[17712747]	[]
876_1165	chr2	37786822	37787222	+	1000	128.5	[]	[]	[10.2047415]	[107]	[]	[37787017]
876_11654	chr6	28947993	28948393	+	997	39.0	[9.252844]	[103]	[]	[]	[28948167]	[]
876_1166	chr3	170307927	170308327	+	1000	128.5	[]	[]	[12.570299]	[98]	[]	[170308121]
876_11660	chr6	34663571	34663971	+	967	39.0	[]	[]	[8.182752]	[120]	[]	[34663763]
876_11662	chr6	36650840	36651240	+	826	39.0	[]	[]	[12.570299]	[138]	[]	[36651024]
876_11664	chr6	42317044	42317444	+	877	39.0	[]	[]	[7.676677]	[120]	[]	[42317237]
876_11666	chr6	43983589	43983989	+	889	39.0	[]	[]	[10.2047415]	[144]	[]	[43983809]
876_11668	chr6	56559577	56559977	+	960	39.0	[8.009179]	[64]	[7.677661, 12.570299]	[95, 107]	[56559741]	[56559772, 56559784]
876_11669	chr6	56686012	56686412	+	978	39.0	[8.182752, 9.252844]	[155, 166]	[]	[]	[56686241, 56686252]	[]
876_1167	chr6	30875329	30875729	+	1000	128.5	[12.570299]	[111]	[]	[]	[30875527]	[]
876_11671	chr6	106287048	106287448	+	866	39.0	[8.361351]	[56]	[]	[]	[106287199]	[]
876_11676	chr6	136517632	136518032	+	985	39.0	[8.264141]	[96]	[]	[]	[136517823]	[]
876_11678	chr6	146856945	146857345	+	949	39.0	[]	[]	[8.84223]	[178]	[]	[146857168]
876_1168	chr7	77834652	77835052	+	1000	128.5	[]	[]	[12.570299]	[106]	[]	[77834856]
876_11682	chr7	875953	876353	+	946	39.0	[]	[]	[12.570299]	[164]	[]	[876181]
876_11684	chr7	20211381	20211781	+	832	39.0	[9.53014]	[233]	[8.182752]	[244]	[20211618]	[20211629]
876_11687	chr7	103121577	103121977	+	984	39.0	[]	[]	[7.7748694]	[76]	[]	[103121744]
876_11688	chr7	103504740	103505140	+	970	39.0	[12.570299]	[113]	[]	[]	[103504945]	[]
876_11693	chr7	112939407	112939807	+	982	39.0	[]	[]	[12.570299]	[85]	[]	[112939584]
876_11695	chr7	117184477	117184877	+	983	39.0	[]	[]	[12.570299]	[138]	[]	[117184703]
876_117	chr17	77121783	77122183	+	1000	385.0	[12.570299]	[105]	[]	[]	[77121984]	[]
876_1170	chr1	1429699	1430099	+	1000	128.0	[]	[]	[12.570299]	[83]	[]	[1429870]
876_11703	chr8	13544757	13545157	+	993	39.0	[]	[]	[10.2047415]	[105]	[]	[13544949]
876_11707	chr8	56999146	56999546	+	968	39.0	[]	[]	[9.53014]	[120]	[]	[56999365]
876_11709	chr8	75359336	75359736	+	904	39.0	[]	[]	[12.570299]	[97]	[]	[75359531]
876_11716	chr9	77987422	77987822	+	997	39.0	[]	[]	[10.2047415]	[117]	[]	[77987616]
876_11717	chr9	94094467	94094867	+	726	39.0	[]	[]	[12.570299]	[84]	[]	[94094629]
876_11718	chr9	94718997	94719397	+	982	39.0	[]	[]	[8.361351]	[132]	[]	[94719214]
876_11719	chr9	120827616	120828016	+	1000	39.0	[8.264141]	[144]	[]	[]	[120827844]	[]
876_1172	chr11	14668604	14669004	+	1000	128.0	[12.570299]	[122]	[]	[]	[14668813]	[]
876_11725	chr9	131269100	131269500	+	638	39.0	[8.84223]	[145]	[]	[]	[131269304]	[]
876_11726	chrUn_GL000219v1	95171	95571	+	987	39.0	[9.53014]	[122]	[]	[]	[95382]	[]
876_11727	chrUn_GL000224v1	7625	8025	+	916	39.0	[9.53014]	[122]	[]	[]	[7839]	[]
876_11728	chrUn_GL000224v1	32861	33261	+	570	39.0	[7.7748694]	[147]	[]	[]	[33071]	[]
876_1173	chr17	80261363	80261763	+	1000	128.0	[]	[]	[8.361351]	[98]	[]	[80261559]
876_11731	chrX	2407179	2407579	+	973	39.0	[7.677661, 8.361351]	[120, 147]	[]	[]	[2407380, 2407407]	[]
876_11732	chrX	134454406	134454806	+	989	39.0	[10.2047415]	[106]	[]	[]	[134454605]	[]
876_11740	chr1	26970842	26971242	+	969	38.5	[8.361351]	[172]	[]	[]	[26971073]	[]
876_11741	chr1	28114976	28115376	+	690	38.5	[]	[]	[10.2047415]	[119]	[]	[28115184]
876_11743	chr1	31444708	31445108	+	606	38.5	[8.361351]	[113]	[]	[]	[31444899]	[]
876_11744	chr1	35173353	35173753	+	972	38.5	[]	[]	[9.53014, 7.5891633]	[146, 209]	[]	[35173519, 35173582]
876_11745	chr1	36371389	36371789	+	968	38.5	[7.5891633]	[136]	[]	[]	[36371619]	[]
876_11754	chr1	156398352	156398752	+	749	38.5	[12.570299]	[105]	[]	[]	[156398533]	[]
876_11755	chr1	165772816	165773216	+	650	38.5	[]	[]	[7.677661]	[163]	[]	[165773031]
876_11759	chr1	204662530	204662930	+	937	38.5	[8.009179]	[75]	[]	[]	[204662684]	[]
876_11761	chr1	206796534	206796934	+	920	38.5	[10.2047415]	[118]	[]	[]	[206796725]	[]
876_11774	chr10	33516228	33516628	+	682	38.5	[]	[]	[12.570299]	[83]	[]	[33516403]
876_11775	chr10	46018324	46018724	+	877	38.5	[]	[]	[9.53014]	[148]	[]	[46018485]
876_11780	chr11	2301839	2302239	+	812	38.5	[]	[]	[8.361351]	[96]	[]	[2302020]
876_11782	chr11	13992176	13992576	+	940	38.5	[]	[]	[12.570299, 7.676677]	[79, 102]	[]	[13992344, 13992367]
876_11783	chr11	27171563	27171963	+	940	38.5	[]	[]	[8.361351]	[62]	[]	[27171721]
876_11785	chr11	59537139	59537539	+	871	38.5	[12.570299]	[100]	[]	[]	[59537332]	[]
876_11789	chr11	88359519	88359919	+	878	38.5	[8.264141]	[161]	[]	[]	[88359743]	[]
876_1179	chr15	63395721	63396121	+	1000	127.5	[]	[]	[12.570299]	[146]	[]	[63395963]
876_11791	chr11	119481206	119481606	+	782	38.5	[]	[]	[7.677661]	[109]	[]	[119481399]
876_11793	chr12	21438594	21438994	+	780	38.5	[12.570299]	[145]	[]	[]	[21438820]	[]
876_11794	chr12	34310171	34310571	+	930	38.5	[12.570299]	[99]	[]	[]	[34310362]	[]
876_11797	chr12	55086741	55087141	+	616	38.5	[]	[]	[12.570299]	[117]	[]	[55086933]
876_11798	chr12	64620014	64620414	+	610	38.5	[]	[]	[8.264141]	[107]	[]	[64620216]
876_11802	chr12	108270504	108270904	+	951	38.5	[]	[]	[7.7748694]	[151]	[]	[108270736]
876_11805	chr12	130957332	130957732	+	933	38.5	[9.252844, 9.252844]	[151, 161]	[10.2047415]	[123]	[130957570, 130957580]	[130957542]
876_11806	chr13	80598001	80598401	+	749	38.5	[7.553737]	[134]	[]	[]	[80598184]	[]
876_11807	chr13	80738810	80739210	+	948	38.5	[8.009179, 9.53014, 8.361351]	[89, 109, 168]	[]	[]	[80738970, 80738990, 80739049]	[]
876_11810	chr13	90489390	90489790	+	945	38.5	[7.553737]	[85]	[]	[]	[90489568]	[]
876_11812	chr13	90565603	90566003	+	946	38.5	[7.676677]	[113]	[8.361351]	[149]	[90565791]	[90565827]
876_11822	chr13	91377527	91377927	+	952	38.5	[]	[]	[8.264141]	[158]	[]	[91377772]
876_11823	chr13	91754865	91755265	+	821	38.5	[]	[]	[7.7748694]	[152]	[]	[91755027]
876_11826	chr13	92456186	92456586	+	908	38.5	[]	[]	[8.264141]	[224]	[]	[92456430]
876_11827	chr13	92633668	92634068	+	861	38.5	[]	[]	[9.53014, 9.252844]	[160, 219]	[]	[92633845, 92633904]
876_11829	chr13	93204054	93204454	+	850	38.5	[7.677661]	[218]	[7.677661]	[217]	[93204293]	[93204292]
876_11835	chr14	22598084	22598484	+	952	38.5	[]	[]	[12.570299]	[160]	[]	[22598299]
876_11836	chr14	52706339	52706739	+	916	38.5	[]	[]	[8.182752]	[141]	[]	[52706550]
876_11837	chr14	67680012	67680412	+	947	38.5	[]	[]	[8.84223]	[140]	[]	[67680227]
876_11838	chr14	102185378	102185778	+	792	38.5	[]	[]	[12.570299]	[101]	[]	[102185571]
876_11839	chr14	103943636	103944036	+	984	38.5	[]	[]	[12.570299]	[87]	[]	[103943815]
876_11841	chr15	48945946	48946346	+	941	38.5	[8.84223]	[171]	[8.361351]	[110]	[48946197]	[48946136]
876_11842	chr15	58111704	58112104	+	930	38.5	[7.5891633]	[63]	[]	[]	[58111863]	[]
876_11846	chr15	95919553	95919953	+	976	38.5	[9.252844]	[86]	[]	[]	[95919712]	[]
876_11848	chr16	16154196	16154596	+	780	38.5	[10.2047415]	[130]	[]	[]	[16154413]	[]
876_11849	chr16	58477662	58478062	+	900	38.5	[]	[]	[12.570299]	[55]	[]	[58477813]
876_11852	chr17	27236713	27237113	+	877	38.5	[10.2047415]	[165]	[]	[]	[27236949]	[]
876_11860	chr19	6661729	6662129	+	929	38.5	[8.264141]	[100]	[]	[]	[6661926]	[]
876_11861	chr19	16463958	16464358	+	814	38.5	[12.570299]	[98]	[]	[]	[16464132]	[]
876_11862	chr19	28633639	28634039	+	966	38.5	[12.570299]	[129]	[]	[]	[28633855]	[]
876_11864	chr19	44685012	44685412	+	872	38.5	[7.5891633]	[105]	[]	[]	[44685202]	[]
876_11865	chr19	48681044	48681444	+	961	38.5	[8.182752]	[131]	[]	[]	[48681238]	[]
876_11868	chr2	39491713	39492113	+	728	38.5	[10.2047415, 12.570299]	[82, 100]	[]	[]	[39491869, 39491887]	[]
876_1187	chr7	155316704	155317104	+	1000	127.5	[12.570299, 8.182752]	[101, 133]	[]	[]	[155316903, 155316935]	[]
876_11872	chr2	74856243	74856643	+	847	38.5	[]	[]	[12.570299]	[131]	[]	[74856451]
876_11873	chr2	85716749	85717149	+	945	38.5	[]	[]	[10.2047415]	[89]	[]	[85716931]
876_11882	chr20	2095804	2096204	+	883	38.5	[]	[]	[12.570299]	[108]	[]	[2096003]
876_11883	chr20	32741644	32742044	+	967	38.5	[10.2047415]	[166]	[]	[]	[32741867]	[]
876_11885	chr20	50308223	50308623	+	678	38.5	[]	[]	[10.2047415]	[80]	[]	[50308401]
876_1189	chrX	39616294	39616694	+	1000	127.5	[8.84223]	[93]	[]	[]	[39616487]	[]
876_11891	chr22	16629212	16629612	+	858	38.5	[]	[]	[12.570299, 7.5891633]	[195, 205]	[]	[16629432, 16629442]
876_1190	chr1	13952355	13952755	+	1000	127.0	[]	[]	[7.578352]	[106]	[]	[13952560]
876_11901	chr22	22446302	22446702	+	934	38.5	[7.677661]	[146]	[]	[]	[22446457]	[]
876_11907	chr22	28686582	28686982	+	863	38.5	[8.361351]	[125]	[]	[]	[28686786]	[]
876_11908	chr22	38178013	38178413	+	850	38.5	[]	[]	[10.2047415]	[121]	[]	[38178219]
876_11912	chr3	12841776	12842176	+	944	38.5	[10.2047415]	[77]	[]	[]	[12841941]	[]
876_11914	chr3	14124050	14124450	+	727	38.5	[12.570299]	[140]	[]	[]	[14124273]	[]
876_11916	chr3	31422334	31422734	+	834	38.5	[7.764176]	[195]	[9.252844, 7.764176]	[113, 194]	[31422578]	[31422496, 31422577]
876_1192	chr12	54888361	54888761	+	1000	127.0	[]	[]	[12.570299]	[103]	[]	[54888558]
876_11925	chr3	134496443	134496843	+	803	38.5	[]	[]	[9.53014]	[226]	[]	[134496673]
876_11927	chr3	152241138	152241538	+	637	38.5	[8.361351]	[97]	[]	[]	[152241328]	[]
876_11931	chr3	196047196	196047596	+	684	38.5	[]	[]	[8.361351]	[101]	[]	[196047374]
876_11936	chr4	94148035	94148435	+	912	38.5	[]	[]	[12.570299]	[80]	[]	[94148205]
876_11939	chr4	128641577	128641977	+	836	38.5	[7.553737, 12.570299]	[121, 134]	[]	[]	[128641776, 128641789]	[]
876_11940	chr4	153594129	153594529	+	972	38.5	[]	[]	[12.570299]	[72]	[]	[153594298]
876_11942	chr5	32498423	32498823	+	955	38.5	[]	[]	[8.182752, 7.5891633, 12.570299]	[73, 80, 107]	[]	[32498587, 32498594, 32498621]
876_11943	chr5	38631099	38631499	+	909	38.5	[]	[]	[12.570299]	[102]	[]	[38631274]
876_11945	chr5	96112592	96112992	+	951	38.5	[]	[]	[12.570299]	[188]	[]	[96112837]
876_1195	chr2	40013940	40014340	+	1000	127.0	[]	[]	[12.570299]	[106]	[]	[40014144]
876_11950	chr5	142444294	142444694	+	901	38.5	[]	[]	[8.361351]	[152]	[]	[142444510]
876_11951	chr5	146182807	146183207	+	880	38.5	[]	[]	[7.7748694]	[152]	[]	[146183012]
876_11954	chr5	179696590	179696990	+	871	38.5	[12.570299, 7.553737]	[93, 104]	[]	[]	[179696783, 179696794]	[]
876_11956	chr6	4124378	4124778	+	902	38.5	[8.84223]	[91]	[]	[]	[4124566]	[]
876_11957	chr6	4253911	4254311	+	955	38.5	[]	[]	[8.182752]	[87]	[]	[4254078]
876_11958	chr6	15921302	15921702	+	960	38.5	[12.570299]	[79]	[10.2047415]	[116]	[15921461]	[15921498]
876_11959	chr6	16229392	16229792	+	812	38.5	[]	[]	[12.570299]	[71]	[]	[16229558]
876_11973	chr6	111462980	111463380	+	698	38.5	[7.5891633]	[195]	[7.764176, 10.2047415]	[128, 149]	[111463222]	[111463155, 111463176]
876_11987	chr7	56046720	56047120	+	665	38.5	[9.53014]	[148]	[]	[]	[56046948]	[]
876_11988	chr7	64744701	64745101	+	796	38.5	[]	[]	[12.570299]	[156]	[]	[64744925]
876_11989	chr7	74233867	74234267	+	935	38.5	[7.553737]	[139]	[]	[]	[74234044]	[]
876_1199	chr3	13951169	13951569	+	1000	127.0	[8.361351]	[114]	[]	[]	[13951361]	[]
876_11993	chr7	106166729	106167129	+	953	38.5	[]	[]	[8.84223]	[141]	[]	[106166941]
876_11995	chr7	107016699	107017099	+	580	38.5	[7.764176]	[104]	[]	[]	[107016855]	[]
876_1200	chr6	27157799	27158199	+	1000	127.0	[8.264141, 10.2047415]	[115, 132]	[]	[]	[27158006, 27158023]	[]
876_12004	chr8	58672292	58672692	+	776	38.5	[]	[]	[8.84223]	[118]	[]	[58672492]
876_12006	chr8	98966954	98967354	+	969	38.5	[8.361351]	[171]	[]	[]	[98967189]	[]
876_12009	chr8	129694696	129695096	+	612	38.5	[8.361351]	[97]	[]	[]	[129694892]	[]
876_1201	chr9	120766626	120767026	+	1000	127.0	[12.570299]	[90]	[]	[]	[120766815]	[]
876_12011	chr9	90964251	90964651	+	875	38.5	[12.570299]	[104]	[]	[]	[90964450]	[]
876_12016	chr9	114742955	114743355	+	951	38.5	[10.2047415]	[108]	[]	[]	[114743159]	[]
876_12017	chr9	120562631	120563031	+	955	38.5	[9.53014]	[121]	[10.2047415]	[95]	[120562851]	[120562825]
876_12018	chr9	124966209	124966609	+	967	38.5	[]	[]	[12.570299]	[161]	[]	[124966459]
876_12020	chr9	130952056	130952456	+	746	38.5	[7.553737, 12.570299]	[104, 151]	[]	[]	[130952258, 130952305]	[]
876_12022	chr9	131063899	131064299	+	714	38.5	[]	[]	[8.361351]	[136]	[]	[131064109]
876_12025	chr9	136363740	136364140	+	967	38.5	[]	[]	[9.53014, 10.2047415]	[222, 226]	[]	[136363972, 136363976]
876_12029	chrX	10841644	10842044	+	778	38.5	[]	[]	[10.2047415]	[167]	[]	[10841876]
876_12030	chrX	30145424	30145824	+	924	38.5	[]	[]	[8.361351]	[60]	[]	[30145577]
876_12032	chrX	65722566	65722966	+	816	38.5	[]	[]	[12.570299]	[109]	[]	[65722759]
876_12035	chr1	15179156	15179556	+	892	38.0	[8.182752]	[101]	[]	[]	[15179355]	[]
876_12039	chr1	28751285	28751685	+	734	38.0	[]	[]	[9.53014]	[186]	[]	[28751513]
876_1204	chr13	79393844	79394244	+	1000	126.5	[8.84223]	[74]	[12.570299]	[119]	[79394006]	[79394051]
876_12040	chr1	32731186	32731586	+	942	38.0	[]	[]	[8.009179]	[145]	[]	[32731426]
876_12042	chr1	37890485	37890885	+	903	38.0	[10.2047415]	[121]	[]	[]	[37890638]	[]
876_12047	chr1	84573729	84574129	+	911	38.0	[]	[]	[7.7748694]	[141]	[]	[84573925]
876_12049	chr1	100100129	100100529	+	933	38.0	[9.53014]	[98]	[]	[]	[100100294]	[]
876_1205	chr16	85047067	85047467	+	1000	126.5	[]	[]	[12.570299]	[112]	[]	[85047274]
876_12053	chr1	113804754	113805154	+	927	38.0	[7.7748694]	[77]	[]	[]	[113804906]	[]
876_12056	chr1	153967132	153967532	+	939	38.0	[]	[]	[8.361351]	[112]	[]	[153967325]
876_12062	chr1	167743633	167744033	+	920	38.0	[12.570299]	[110]	[8.009179]	[153]	[167743829]	[167743872]
876_12075	chr1	234971346	234971746	+	867	38.0	[7.553737]	[170]	[]	[]	[234971537]	[]
876_12077	chr10	15084461	15084861	+	945	38.0	[]	[]	[7.578352]	[72]	[]	[15084629]
876_1208	chr4	140153993	140154393	+	1000	126.5	[12.570299]	[121]	[]	[]	[140154207]	[]
876_12086	chr10	91220206	91220606	+	940	38.0	[12.570299]	[97]	[]	[]	[91220398]	[]
876_12087	chr10	103970864	103971264	+	942	38.0	[7.5891633, 9.252844]	[81, 158]	[]	[]	[103971036, 103971113]	[]
876_12095	chr11	68945859	68946259	+	895	38.0	[9.53014]	[147]	[]	[]	[68946088]	[]
876_12101	chr11	117970553	117970953	+	615	38.0	[]	[]	[8.361351]	[143]	[]	[117970773]
876_12102	chr12	9319735	9320135	+	601	38.0	[8.182752]	[152]	[12.570299]	[108]	[9319952]	[9319908]
876_12105	chr12	27859706	27860106	+	949	38.0	[12.570299]	[128]	[]	[]	[27859927]	[]
876_12110	chr12	93234663	93235063	+	810	38.0	[10.2047415]	[86]	[7.553737]	[126]	[93234847]	[93234887]
876_12113	chr12	129653451	129653851	+	941	38.0	[]	[]	[9.252844]	[94]	[]	[129653621]
876_12114	chr13	20534199	20534599	+	900	38.0	[12.570299]	[109]	[]	[]	[20534400]	[]
876_12115	chr13	24934276	24934676	+	958	38.0	[9.53014, 7.5891633]	[114, 169]	[]	[]	[24934459, 24934514]	[]
876_12117	chr13	89862782	89863182	+	939	38.0	[]	[]	[9.53014]	[98]	[]	[89862974]
876_12120	chr13	90949522	90949922	+	939	38.0	[8.264141]	[89]	[]	[]	[90949708]	[]
876_12121	chr13	91204704	91205104	+	957	38.0	[]	[]	[9.53014]	[77]	[]	[91204880]
876_12134	chr14	23283341	23283741	+	868	38.0	[]	[]	[12.570299]	[82]	[]	[23283519]
876_12137	chr14	49767921	49768321	+	900	38.0	[12.570299]	[118]	[]	[]	[49768120]	[]
876_12138	chr14	61553738	61554138	+	902	38.0	[]	[]	[8.361351]	[145]	[]	[61553966]
876_1214	chr20	49728497	49728897	+	1000	126.0	[12.570299]	[94]	[10.2047415]	[131]	[49728689]	[49728726]
876_12140	chr15	34577905	34578305	+	658	38.0	[]	[]	[10.2047415]	[167]	[]	[34578109]
876_12143	chr15	89002294	89002694	+	895	38.0	[]	[]	[12.570299]	[114]	[]	[89002479]
876_12146	chr16	10972335	10972735	+	954	38.0	[]	[]	[7.764176]	[57]	[]	[10972492]
876_1215	chr3	40947009	40947409	+	1000	126.0	[8.84223, 7.677661]	[83, 121]	[]	[]	[40947175, 40947213]	[]
876_12155	chr17	47992207	47992607	+	953	38.0	[8.361351]	[123]	[]	[]	[47992408]	[]
876_12157	chr17	50304726	50305126	+	956	38.0	[]	[]	[7.578352]	[141]	[]	[50304947]
876_12159	chr17	74414486	74414886	+	904	38.0	[9.252844]	[83]	[]	[]	[74414669]	[]
876_12160	chr17	75346935	75347335	+	756	38.0	[]	[]	[7.5891633]	[101]	[]	[75347125]
876_12163	chr18	2605190	2605590	+	713	38.0	[12.570299]	[159]	[9.252844, 8.84223]	[69, 95]	[2605436]	[2605346, 2605372]
876_12165	chr18	50705701	50706101	+	830	38.0	[]	[]	[7.5891633]	[131]	[]	[50705932]
876_12167	chr19	13537544	13537944	+	944	38.0	[12.570299]	[104]	[]	[]	[13537743]	[]
876_12169	chr19	15333902	15334302	+	880	38.0	[12.570299]	[159]	[]	[]	[15334126]	[]
876_12172	chr19	48780670	48781070	+	918	38.0	[7.677661]	[127]	[7.677661]	[126]	[48780856]	[48780855]
876_12173	chr19	51786922	51787322	+	851	38.0	[8.009179]	[78]	[]	[]	[51787091]	[]
876_12174	chr19	58304895	58305295	+	901	38.0	[]	[]	[9.252844]	[74]	[]	[58305068]
876_12176	chr2	20208128	20208528	+	923	38.0	[]	[]	[12.570299]	[134]	[]	[20208345]
876_12179	chr2	42327152	42327552	+	930	38.0	[7.676677]	[99]	[10.2047415, 12.570299]	[125, 168]	[42327326]	[42327352, 42327395]
876_1218	chr7	66539803	66540203	+	1000	126.0	[12.570299]	[86]	[]	[]	[66539977]	[]
876_12183	chr2	74292752	74293152	+	948	38.0	[]	[]	[9.252844]	[96]	[]	[74292945]
876_12185	chr2	88265352	88265752	+	880	38.0	[]	[]	[12.570299]	[139]	[]	[88265524]
876_12187	chr2	112427223	112427623	+	953	38.0	[12.570299]	[96]	[8.009179]	[129]	[112427404]	[112427437]
876_1219	chr7	113263065	113263465	+	1000	126.0	[]	[]	[12.570299]	[88]	[]	[113263250]
876_12190	chr2	157290979	157291379	+	903	38.0	[10.2047415]	[166]	[]	[]	[157291220]	[]
876_12191	chr2	168866007	168866407	+	886	38.0	[7.578352]	[148]	[]	[]	[168866238]	[]
876_12193	chr2	169964815	169965215	+	858	38.0	[]	[]	[9.53014]	[125]	[]	[169964999]
876_12194	chr2	170323486	170323886	+	838	38.0	[]	[]	[9.53014]	[175]	[]	[170323671]
876_12198	chr2	197894829	197895229	+	930	38.0	[]	[]	[9.53014]	[131]	[]	[197895000]
876_12199	chr20	32634346	32634746	+	591	38.0	[]	[]	[12.570299]	[177]	[]	[32634577]
876_122	chr12	103804925	103805325	+	1000	380.0	[12.570299]	[104]	[]	[]	[103805106]	[]
876_1220	chr7	121020670	121021070	+	1000	126.0	[12.570299]	[106]	[]	[]	[121020872]	[]
876_12201	chr20	49625612	49626012	+	733	38.0	[]	[]	[8.361351, 8.182752]	[105, 123]	[]	[49625796, 49625814]
876_12208	chr22	17633419	17633819	+	915	38.0	[]	[]	[7.553737]	[71]	[]	[17633587]
876_1221	chr9	471340	471740	+	1000	126.0	[10.2047415]	[97]	[]	[]	[471532]	[]
876_12210	chr22	19160286	19160686	+	899	38.0	[]	[]	[7.578352]	[70]	[]	[19160456]
876_12212	chr22	19513080	19513480	+	777	38.0	[]	[]	[7.578352]	[142]	[]	[19513313]
876_12213	chr22	19639290	19639690	+	581	38.0	[9.53014]	[157]	[9.53014]	[179]	[19639473]	[19639495]
876_12216	chr22	20095530	20095930	+	906	38.0	[7.5891633]	[213]	[]	[]	[20095763]	[]
876_1222	chr1	65687791	65688191	+	1000	125.5	[]	[]	[8.361351]	[98]	[]	[65687987]
876_12223	chr22	21449371	21449771	+	793	38.0	[]	[]	[12.570299]	[108]	[]	[21449544]
876_12226	chr22	21897477	21897877	+	839	38.0	[9.53014]	[116]	[]	[]	[21897634]	[]
876_12228	chr22	22192404	22192804	+	916	38.0	[7.578352]	[155]	[]	[]	[22192582]	[]
876_1223	chr1	118831707	118832107	+	1000	125.5	[12.570299]	[96]	[]	[]	[118831902]	[]
876_12236	chr3	4465823	4466223	+	771	38.0	[12.570299]	[82]	[]	[]	[4465989]	[]
876_12237	chr3	14230683	14231083	+	877	38.0	[7.676677]	[137]	[]	[]	[14230920]	[]
876_12238	chr3	30919612	30920012	+	843	38.0	[12.570299]	[104]	[8.264141]	[124]	[30919807]	[30919827]
876_12241	chr3	106037333	106037733	+	920	38.0	[]	[]	[8.264141]	[67]	[]	[106037492]
876_12242	chr3	156943473	156943873	+	954	38.0	[12.570299]	[130]	[]	[]	[156943691]	[]
876_12245	chr3	193930258	193930658	+	824	38.0	[10.2047415]	[83]	[]	[]	[193930434]	[]
876_12248	chr4	72084605	72085005	+	902	38.0	[]	[]	[10.2047415]	[119]	[]	[72084818]
876_1225	chr10	87500626	87501026	+	1000	125.5	[9.252844, 9.53014]	[63, 111]	[]	[]	[87500787, 87500835]	[]
876_12253	chr4	102865642	102866042	+	836	38.0	[10.2047415]	[144]	[10.2047415]	[167]	[102865858]	[102865881]
876_12254	chr4	112319782	112320182	+	696	38.0	[7.677661]	[95]	[]	[]	[112319966]	[]
876_12255	chr5	10586679	10587079	+	848	38.0	[]	[]	[10.2047415]	[113]	[]	[10586882]
876_12261	chr5	90530067	90530467	+	937	38.0	[8.361351]	[168]	[]	[]	[90530289]	[]
876_12262	chr5	95631526	95631926	+	559	38.0	[9.53014]	[168]	[8.264141]	[147]	[95631767]	[95631746]
876_12263	chr5	112240082	112240482	+	894	38.0	[10.2047415]	[99]	[]	[]	[112240276]	[]
876_12264	chr5	120405975	120406375	+	808	38.0	[9.252844]	[85]	[]	[]	[120406130]	[]
876_1227	chr12	74508859	74509259	+	1000	125.5	[]	[]	[12.570299]	[124]	[]	[74509076]
876_12270	chr5	159302268	159302668	+	702	38.0	[]	[]	[12.570299]	[181]	[]	[159302498]
876_12275	chr6	10423300	10423700	+	908	38.0	[]	[]	[12.570299]	[99]	[]	[10423488]
876_12279	chr6	13665942	13666342	+	769	38.0	[8.264141]	[144]	[]	[]	[13666114]	[]
876_1228	chr13	50185699	50186099	+	1000	125.5	[]	[]	[12.570299]	[93]	[]	[50185856]
876_12283	chr6	28267182	28267582	+	907	38.0	[12.570299]	[173]	[]	[]	[28267385]	[]
876_12284	chr6	28683392	28683792	+	929	38.0	[10.2047415]	[83]	[]	[]	[28683572]	[]
876_1229	chr15	78720105	78720505	+	1000	125.5	[12.570299]	[100]	[]	[]	[78720300]	[]
876_12297	chr6	130945566	130945966	+	931	38.0	[7.7748694, 12.570299]	[94, 106]	[]	[]	[130945755, 130945767]	[]
876_12299	chr6	136743519	136743919	+	920	38.0	[]	[]	[10.2047415]	[80]	[]	[136743687]
876_123	chr7	73612715	73613115	+	1000	378.0	[12.570299]	[123]	[]	[]	[73612923]	[]
876_1230	chr16	75678168	75678568	+	1000	125.5	[8.182752]	[81]	[]	[]	[75678347]	[]
876_12304	chr6	143200424	143200824	+	771	38.0	[]	[]	[8.361351, 7.7748694]	[128, 150]	[]	[143200617, 143200639]
876_12306	chr6	156864606	156865006	+	928	38.0	[]	[]	[10.2047415]	[149]	[]	[156864834]
876_12309	chr6	159973924	159974324	+	749	38.0	[8.361351]	[158]	[]	[]	[159974141]	[]
876_12311	chr7	23956681	23957081	+	881	38.0	[]	[]	[12.570299]	[151]	[]	[23956927]
876_12314	chr7	103253767	103254167	+	897	38.0	[]	[]	[9.53014]	[129]	[]	[103253964]
876_1232	chr2	85934190	85934590	+	1000	125.5	[]	[]	[7.5891633]	[64]	[]	[85934344]
876_12321	chr7	121449392	121449792	+	941	38.0	[]	[]	[9.252844, 12.570299]	[126, 184]	[]	[121449580, 121449638]
876_1235	chr1	118281124	118281524	+	1000	125.0	[12.570299]	[161]	[]	[]	[118281350]	[]
876_12361	chr1	12745159	12745559	+	868	37.5	[]	[]	[8.182752]	[166]	[]	[12745392]
876_12369	chr1	35255301	35255701	+	920	37.5	[8.361351]	[121]	[]	[]	[35255521]	[]
876_1237	chr1	146409894	146410294	+	1000	125.0	[]	[]	[9.252844]	[94]	[]	[146410088]
876_12372	chr1	65267603	65268003	+	542	37.5	[]	[]	[8.361351]	[150]	[]	[65267849]
876_12373	chr1	75854911	75855311	+	935	37.5	[]	[]	[8.264141]	[109]	[]	[75855107]
876_12374	chr1	88800547	88800947	+	676	37.5	[]	[]	[9.252844, 12.570299]	[74, 164]	[]	[88800705, 88800795]
876_12375	chr1	93848149	93848549	+	899	37.5	[]	[]	[7.764176]	[111]	[]	[93848329]
876_12379	chr1	119783354	119783754	+	902	37.5	[]	[]	[9.252844]	[89]	[]	[119783537]
876_12380	chr1	121080236	121080636	+	848	37.5	[8.264141]	[123]	[]	[]	[121080432]	[]
876_12382	chr1	145695716	145696116	+	625	37.5	[]	[]	[8.009179]	[135]	[]	[145695950]
876_12386	chr1	167332517	167332917	+	719	37.5	[]	[]	[8.84223]	[86]	[]	[167332694]
876_12387	chr1	171742351	171742751	+	924	37.5	[]	[]	[12.570299]	[70]	[]	[171742509]
876_12391	chr1	175409862	175410262	+	888	37.5	[7.764176]	[96]	[7.764176]	[95]	[175410022]	[175410021]
876_12393	chr1	182594562	182594962	+	918	37.5	[]	[]	[8.264141]	[120]	[]	[182594774]
876_12395	chr1	184981994	184982394	+	679	37.5	[9.53014]	[174]	[]	[]	[184982232]	[]
876_12397	chr1	198650514	198650914	+	918	37.5	[9.53014, 10.2047415, 9.53014]	[105, 166, 170]	[]	[]	[198650678, 198650739, 198650743]	[]
876_1240	chr1	204383192	204383592	+	1000	125.0	[10.2047415]	[98]	[]	[]	[204383387]	[]
876_12403	chr1	213055107	213055507	+	892	37.5	[7.677661]	[128]	[7.677661]	[127]	[213055298]	[213055297]
876_12404	chr1	222709672	222710072	+	862	37.5	[]	[]	[8.84223]	[127]	[]	[222709884]
876_1241	chr19	49451624	49452024	+	1000	125.0	[12.570299]	[138]	[]	[]	[49451838]	[]
876_12414	chr10	15645083	15645483	+	707	37.5	[]	[]	[12.570299, 7.677661]	[58, 97]	[]	[15645238, 15645277]
876_12415	chr10	18648399	18648799	+	820	37.5	[]	[]	[12.570299]	[141]	[]	[18648623]
876_12416	chr10	22130844	22131244	+	923	37.5	[]	[]	[12.570299]	[83]	[]	[22130995]
876_12417	chr10	28592775	28593175	+	868	37.5	[12.570299]	[170]	[]	[]	[28593009]	[]
876_12419	chr10	50511801	50512201	+	779	37.5	[9.53014]	[126]	[]	[]	[50512001]	[]
876_12421	chr10	60295395	60295795	+	917	37.5	[]	[]	[7.676677]	[168]	[]	[60295619]
876_12425	chr10	80188124	80188524	+	876	37.5	[9.252844]	[88]	[]	[]	[80188311]	[]
876_12429	chr11	9569267	9569667	+	832	37.5	[12.570299]	[85]	[]	[]	[9569426]	[]
876_12430	chr11	19953862	19954262	+	830	37.5	[]	[]	[10.2047415]	[134]	[]	[19954062]
876_12437	chr11	66065152	66065552	+	913	37.5	[]	[]	[9.252844]	[140]	[]	[66065361]
876_12439	chr11	91625500	91625900	+	887	37.5	[8.84223]	[97]	[]	[]	[91625691]	[]
876_12441	chr11	117958886	117959286	+	907	37.5	[]	[]	[12.570299]	[165]	[]	[117959118]
876_12442	chr11	119196782	119197182	+	750	37.5	[]	[]	[12.570299]	[74]	[]	[119196940]
876_12444	chr11	130434967	130435367	+	840	37.5	[]	[]	[10.2047415]	[141]	[]	[130435142]
876_12447	chr12	28883631	28884031	+	887	37.5	[8.84223]	[94]	[]	[]	[28883798]	[]
876_12448	chr12	42141986	42142386	+	872	37.5	[]	[]	[8.009179]	[172]	[]	[42142187]
876_1245	chr9	38682711	38683111	+	1000	125.0	[]	[]	[8.264141]	[108]	[]	[38682907]
876_12452	chr12	131228481	131228881	+	915	37.5	[10.2047415, 8.361351]	[68, 129]	[]	[]	[131228640, 131228701]	[]
876_12453	chr13	48570452	48570852	+	844	37.5	[12.570299]	[92]	[]	[]	[48570639]	[]
876_12454	chr13	48896241	48896641	+	682	37.5	[10.2047415]	[129]	[]	[]	[48896453]	[]
876_12457	chr13	80850504	80850904	+	829	37.5	[9.53014]	[172]	[]	[]	[80850722]	[]
876_12458	chr13	89793839	89794239	+	885	37.5	[]	[]	[9.53014]	[191]	[]	[89794072]
876_12459	chr13	89868667	89869067	+	646	37.5	[]	[]	[8.361351]	[149]	[]	[89868870]
876_1246	chr9	124558783	124559183	+	1000	125.0	[]	[]	[12.570299]	[118]	[]	[124558990]
876_12460	chr13	90119560	90119960	+	898	37.5	[9.53014]	[154]	[8.84223]	[189]	[90119764]	[90119799]
876_12466	chr13	91627221	91627621	+	797	37.5	[8.264141]	[96]	[]	[]	[91627411]	[]
876_1247	chr1	75707240	75707640	+	1000	124.5	[8.361351, 12.570299]	[102, 112]	[8.84223]	[123]	[75707431, 75707441]	[75707452]
876_12474	chr13	108003963	108004363	+	903	37.5	[7.578352]	[127]	[]	[]	[108004141]	[]
876_12475	chr14	22653018	22653418	+	602	37.5	[]	[]	[8.361351]	[146]	[]	[22653250]
876_12476	chr14	23454371	23454771	+	851	37.5	[10.2047415]	[90]	[]	[]	[23454560]	[]
876_12481	chr14	96757575	96757975	+	910	37.5	[8.361351]	[104]	[]	[]	[96757766]	[]
876_12488	chr15	75171468	75171868	+	905	37.5	[]	[]	[9.252844]	[111]	[]	[75171635]
876_12489	chr15	87348768	87349168	+	783	37.5	[12.570299, 7.7748694]	[115, 151]	[]	[]	[87348981, 87349017]	[]
876_1249	chr10	5475970	5476370	+	1000	124.5	[10.2047415]	[158]	[12.570299, 7.553737]	[67, 80]	[5476214]	[5476123, 5476136]
876_12490	chr16	11165284	11165684	+	925	37.5	[]	[]	[7.677661]	[136]	[]	[11165514]
876_12496	chr16	81096571	81096971	+	879	37.5	[9.252844]	[148]	[7.553737]	[135]	[81096797]	[81096784]
876_125	chr3	142315874	142316274	+	1000	376.5	[10.2047415]	[119]	[8.84223]	[73]	[142316091]	[142316045]
876_1250	chr5	10354155	10354555	+	1000	124.5	[]	[]	[8.361351]	[111]	[]	[10354354]
876_1251	chr5	78483725	78484125	+	1000	124.5	[]	[]	[9.252844]	[104]	[]	[78483925]
876_12510	chr19	6402379	6402779	+	926	37.5	[8.182752]	[115]	[]	[]	[6402581]	[]
876_12512	chr19	32421985	32422385	+	862	37.5	[7.578352]	[204]	[]	[]	[32422233]	[]
876_12515	chr19	51567407	51567807	+	729	37.5	[12.570299, 7.7748694]	[114, 161]	[]	[]	[51567571, 51567618]	[]
876_12516	chr2	24805796	24806196	+	865	37.5	[]	[]	[12.570299]	[106]	[]	[24805996]
876_12520	chr2	64063779	64064179	+	664	37.5	[]	[]	[9.252844]	[213]	[]	[64064009]
876_12521	chr2	71319112	71319512	+	839	37.5	[12.570299]	[145]	[]	[]	[71319340]	[]
876_12522	chr2	72064230	72064630	+	893	37.5	[12.570299]	[131]	[]	[]	[72064443]	[]
876_12524	chr2	86202059	86202459	+	770	37.5	[7.578352]	[153]	[]	[]	[86202233]	[]
876_12525	chr2	121999348	121999748	+	810	37.5	[8.264141]	[157]	[9.53014]	[91]	[121999575]	[121999509]
876_12528	chr2	148542916	148543316	+	908	37.5	[]	[]	[7.578352]	[190]	[]	[148543167]
876_12530	chr2	170764420	170764820	+	883	37.5	[]	[]	[8.182752]	[76]	[]	[170764590]
876_12533	chr2	177286025	177286425	+	631	37.5	[8.182752, 8.84223]	[111, 144]	[]	[]	[177286180, 177286213]	[]
876_12534	chr2	208489226	208489626	+	867	37.5	[9.53014]	[173]	[]	[]	[208489470]	[]
876_12537	chr20	5737305	5737705	+	666	37.5	[8.182752]	[180]	[7.676677]	[143]	[5737515]	[5737478]
876_1254	chr1	58899260	58899660	+	1000	124.0	[]	[]	[8.264141]	[144]	[]	[58899479]
876_12541	chr21	10450143	10450543	+	911	37.5	[]	[]	[7.7748694]	[144]	[]	[10450375]
876_12544	chr21	35963937	35964337	+	784	37.5	[]	[]	[12.570299]	[144]	[]	[35964114]
876_12548	chr22	16781201	16781601	+	902	37.5	[]	[]	[7.7748694]	[155]	[]	[16781433]
876_12555	chr22	20462526	20462926	+	608	37.5	[7.578352]	[166]	[]	[]	[20462698]	[]
876_12557	chr22	20839105	20839505	+	850	37.5	[7.578352]	[137]	[]	[]	[20839267]	[]
876_1256	chr10	43396009	43396409	+	1000	124.0	[12.570299]	[113]	[]	[]	[43396219]	[]
876_12568	chr22	22786689	22787089	+	902	37.5	[10.2047415]	[178]	[]	[]	[22786874]	[]
876_12572	chr22	23002894	23003294	+	898	37.5	[8.84223]	[171]	[]	[]	[23003093]	[]
876_12577	chr3	10224793	10225193	+	544	37.5	[]	[]	[9.53014]	[138]	[]	[10224995]
876_12578	chr3	11251761	11252161	+	756	37.5	[]	[]	[12.570299]	[177]	[]	[11252001]
876_1258	chr18	32057626	32058026	+	1000	124.0	[8.84223]	[103]	[8.84223]	[100]	[32057824]	[32057821]
876_12580	chr3	37996694	37997094	+	710	37.5	[7.677661, 7.677661]	[102, 118]	[7.677661, 9.252844, 7.677661]	[101, 109, 117]	[37996853, 37996869]	[37996852, 37996860, 37996868]
876_12585	chr3	106114112	106114512	+	910	37.5	[10.2047415]	[101]	[]	[]	[106114309]	[]
876_12587	chr3	118531902	118532302	+	836	37.5	[]	[]	[12.570299]	[102]	[]	[118532097]
876_12588	chr3	119664421	119664821	+	862	37.5	[8.361351]	[98]	[]	[]	[119664614]	[]
876_12593	chr3	185813919	185814319	+	908	37.5	[9.252844]	[135]	[]	[]	[185814131]	[]
876_12594	chr3	194201962	194202362	+	675	37.5	[8.361351]	[91]	[]	[]	[194202153]	[]
876_12597	chr4	10171040	10171440	+	857	37.5	[7.7748694]	[203]	[]	[]	[10171275]	[]
876_1260	chr2	145748918	145749318	+	1000	124.0	[8.361351]	[133]	[]	[]	[145749128]	[]
876_12600	chr4	47968852	47969252	+	685	37.5	[]	[]	[12.570299]	[105]	[]	[47969052]
876_12603	chr4	86895768	86896168	+	851	37.5	[7.764176]	[122]	[7.764176]	[121]	[86895938]	[86895937]
876_12604	chr4	101285553	101285953	+	765	37.5	[8.361351]	[93]	[]	[]	[101285733]	[]
876_12605	chr4	127511679	127512079	+	921	37.5	[7.553737, 12.570299]	[100, 113]	[]	[]	[127511862, 127511875]	[]
876_12606	chr4	133641202	133641602	+	907	37.5	[12.570299]	[136]	[]	[]	[133641436]	[]
876_12607	chr4	173449105	173449505	+	912	37.5	[]	[]	[8.361351]	[177]	[]	[173449340]
876_12609	chr5	5558164	5558564	+	590	37.5	[]	[]	[8.182752]	[104]	[]	[5558340]
876_12610	chr5	18792157	18792557	+	620	37.5	[12.570299]	[109]	[]	[]	[18792353]	[]
876_12611	chr5	38541324	38541724	+	893	37.5	[8.009179, 12.570299]	[90, 109]	[]	[]	[38541508, 38541527]	[]
876_12616	chr5	78221869	78222269	+	674	37.5	[8.182752]	[82]	[]	[]	[78222033]	[]
876_12625	chr6	3443027	3443427	+	818	37.5	[8.361351]	[138]	[]	[]	[3443232]	[]
876_12626	chr6	4337122	4337522	+	919	37.5	[7.677661]	[155]	[7.677661]	[154]	[4337343]	[4337342]
876_12630	chr6	15916050	15916450	+	916	37.5	[9.53014]	[130]	[]	[]	[15916278]	[]
876_12634	chr6	27168593	27168993	+	732	37.5	[10.2047415]	[90]	[]	[]	[27168777]	[]
876_12636	chr6	28758027	28758427	+	897	37.5	[]	[]	[7.7748694]	[146]	[]	[28758258]
876_12638	chr6	31547045	31547445	+	636	37.5	[]	[]	[8.84223]	[126]	[]	[31547253]
876_12639	chr6	34969443	34969843	+	623	37.5	[8.84223]	[144]	[7.5891633, 8.84223]	[107, 141]	[34969687]	[34969650, 34969684]
876_1264	chr8	98790879	98791279	+	1000	124.0	[]	[]	[12.570299]	[80]	[]	[98791054]
876_12641	chr6	36759078	36759478	+	926	37.5	[]	[]	[12.570299]	[138]	[]	[36759267]
876_12642	chr6	37653838	37654238	+	919	37.5	[7.5891633]	[79]	[]	[]	[37653992]	[]
876_12643	chr6	43741784	43742184	+	670	37.5	[]	[]	[12.570299, 12.570299]	[106, 120]	[]	[43741976, 43741990]
876_12644	chr6	44064258	44064658	+	900	37.5	[8.009179]	[179]	[]	[]	[44064471]	[]
876_12646	chr6	73524100	73524500	+	661	37.5	[]	[]	[10.2047415]	[121]	[]	[73524275]
876_12648	chr6	133965941	133966341	+	594	37.5	[12.570299]	[97]	[]	[]	[133966137]	[]
876_12649	chr6	135438776	135439176	+	923	37.5	[7.5891633]	[140]	[]	[]	[135438963]	[]
876_1265	chr1	22414150	22414550	+	1000	123.5	[]	[]	[12.570299]	[102]	[]	[22414341]
876_12652	chr6	149115096	149115496	+	654	37.5	[9.53014]	[90]	[]	[]	[149115282]	[]
876_12654	chr6	157859779	157860179	+	715	37.5	[10.2047415]	[109]	[9.53014]	[146]	[157859982]	[157860019]
876_12655	chr6	167839786	167840186	+	903	37.5	[9.252844]	[77]	[9.252844]	[74]	[167839951]	[167839948]
876_12657	chr7	25845312	25845712	+	933	37.5	[]	[]	[12.570299]	[102]	[]	[25845497]
876_1266	chr1	206104579	206104979	+	1000	123.5	[7.7748694]	[58]	[10.2047415]	[102]	[206104737]	[206104781]
876_12664	chr7	123758027	123758427	+	799	37.5	[10.2047415]	[183]	[]	[]	[123758246]	[]
876_12665	chr7	130878914	130879314	+	631	37.5	[]	[]	[12.570299]	[75]	[]	[130879082]
876_12675	chr7	158702822	158703222	+	856	37.5	[]	[]	[8.182752]	[89]	[]	[158702997]
876_12676	chr8	8299507	8299907	+	912	37.5	[]	[]	[10.2047415]	[92]	[]	[8299699]
876_1268	chr12	49421340	49421740	+	1000	123.5	[9.252844]	[107]	[]	[]	[49421544]	[]
876_12680	chr8	60291953	60292353	+	869	37.5	[7.5891633]	[136]	[10.2047415]	[111]	[60292187]	[60292162]
876_12683	chr8	123412937	123413337	+	716	37.5	[]	[]	[10.2047415]	[167]	[]	[123413172]
876_12684	chr8	124593096	124593496	+	905	37.5	[8.264141]	[138]	[]	[]	[124593316]	[]
876_12688	chr9	14616342	14616742	+	918	37.5	[]	[]	[10.2047415]	[74]	[]	[14616511]
876_1269	chr12	50018967	50019367	+	1000	123.5	[]	[]	[9.252844]	[90]	[]	[50019149]
876_12697	chr9	131038431	131038831	+	892	37.5	[]	[]	[10.2047415]	[109]	[]	[131038637]
876_12699	chr9	131253869	131254269	+	909	37.5	[]	[]	[8.84223]	[206]	[]	[131254116]
876_12700	chr9	135512445	135512845	+	569	37.5	[8.361351]	[174]	[9.252844]	[160]	[135512685]	[135512671]
876_12701	chrUn_GL000219v1	68746	69146	+	822	37.5	[]	[]	[7.764176, 8.361351]	[137, 168]	[]	[68918, 68949]
876_12704	chrX	40544824	40545224	+	811	37.5	[]	[]	[9.53014]	[89]	[]	[40545013]
876_1271	chr5	179101332	179101732	+	1000	123.5	[12.570299]	[111]	[]	[]	[179101534]	[]
876_12719	chr1	38013220	38013620	+	593	37.0	[12.570299]	[209]	[]	[]	[38013456]	[]
876_12722	chr1	46846410	46846810	+	557	37.0	[12.570299]	[94]	[]	[]	[46846601]	[]
876_12725	chr1	64915907	64916307	+	894	37.0	[9.53014, 12.570299]	[123, 140]	[]	[]	[64916118, 64916135]	[]
876_12730	chr1	108082758	108083158	+	841	37.0	[]	[]	[8.84223]	[101]	[]	[108082956]
876_12731	chr1	109996800	109997200	+	764	37.0	[12.570299]	[129]	[]	[]	[109997025]	[]
876_12733	chr1	115630348	115630748	+	714	37.0	[10.2047415]	[120]	[]	[]	[115630565]	[]
876_12735	chr1	123985936	123986336	+	787	37.0	[]	[]	[9.252844]	[89]	[]	[123986122]
876_1274	chr14	22796365	22796765	+	1000	123.0	[12.570299]	[114]	[]	[]	[22796578]	[]
876_12740	chr1	155691788	155692188	+	890	37.0	[]	[]	[9.53014]	[138]	[]	[155691985]
876_12752	chr1	231417507	231417907	+	786	37.0	[9.53014]	[228]	[]	[]	[231417756]	[]
876_12753	chr1	234779542	234779942	+	716	37.0	[]	[]	[8.84223]	[127]	[]	[234779765]
876_12756	chr1	242053428	242053828	+	645	37.0	[8.264141]	[116]	[7.553737]	[123]	[242053631]	[242053638]
876_1276	chr2	96342077	96342477	+	1000	123.0	[]	[]	[12.570299]	[112]	[]	[96342277]
876_12764	chr10	45521378	45521778	+	714	37.0	[]	[]	[12.570299]	[109]	[]	[45521585]
876_12767	chr10	67784117	67784517	+	851	37.0	[9.53014, 8.182752]	[155, 198]	[]	[]	[67784280, 67784323]	[]
876_1277	chr5	180885897	180886297	+	1000	123.0	[]	[]	[12.570299]	[98]	[]	[180886090]
876_12771	chr10	75062819	75063219	+	907	37.0	[12.570299]	[174]	[]	[]	[75063069]	[]
876_12774	chr10	118481865	118482265	+	779	37.0	[9.252844]	[103]	[]	[]	[118482063]	[]
876_12777	chr11	26028504	26028904	+	876	37.0	[12.570299, 7.553737]	[118, 132]	[]	[]	[26028702, 26028716]	[]
876_12778	chr11	46247676	46248076	+	671	37.0	[]	[]	[8.361351]	[161]	[]	[46247895]
876_12786	chr11	114315895	114316295	+	749	37.0	[10.2047415]	[90]	[]	[]	[114316057]	[]
876_12791	chr12	42442152	42442552	+	793	37.0	[8.009179]	[116]	[12.570299]	[141]	[42442357]	[42442382]
876_12794	chr12	51025300	51025700	+	826	37.0	[12.570299]	[95]	[]	[]	[51025479]	[]
876_12795	chr12	55166944	55167344	+	870	37.0	[]	[]	[12.570299]	[106]	[]	[55167141]
876_12796	chr12	56988123	56988523	+	827	37.0	[7.764176]	[126]	[]	[]	[56988319]	[]
876_12797	chr12	57312321	57312721	+	860	37.0	[]	[]	[7.553737]	[108]	[]	[57312512]
876_12798	chr12	65663686	65664086	+	771	37.0	[12.570299]	[159]	[10.2047415]	[125]	[65663928]	[65663894]
876_12801	chr12	108117214	108117614	+	624	37.0	[]	[]	[7.553737]	[156]	[]	[108117436]
876_12802	chr12	108640872	108641272	+	841	37.0	[7.676677]	[118]	[]	[]	[108641084]	[]
876_1281	chr1	40057424	40057824	+	1000	122.5	[9.252844]	[86]	[]	[]	[40057588]	[]
876_12810	chr13	90195806	90196206	+	907	37.0	[9.53014]	[108]	[]	[]	[90196009]	[]
876_12811	chr13	90561313	90561713	+	570	37.0	[10.2047415]	[182]	[]	[]	[90561514]	[]
876_12812	chr13	90609096	90609496	+	736	37.0	[8.84223]	[92]	[]	[]	[90609260]	[]
876_1282	chr11	95364661	95365061	+	1000	122.5	[10.2047415]	[118]	[8.009179]	[142]	[95364867]	[95364891]
876_12829	chr14	37188053	37188453	+	629	37.0	[12.570299]	[93]	[]	[]	[37188234]	[]
876_12830	chr14	39589656	39590056	+	873	37.0	[]	[]	[12.570299]	[82]	[]	[39589819]
876_12835	chr15	63344787	63345187	+	874	37.0	[8.182752]	[156]	[]	[]	[63345022]	[]
876_12839	chr16	10329512	10329912	+	849	37.0	[7.578352, 12.570299]	[83, 140]	[]	[]	[10329680, 10329737]	[]
876_12841	chr16	75648467	75648867	+	658	37.0	[]	[]	[8.361351]	[111]	[]	[75648670]
876_12849	chr17	59841138	59841538	+	843	37.0	[8.84223]	[199]	[8.361351]	[107]	[59841381]	[59841289]
876_1285	chr6	86598932	86599332	+	1000	122.5	[7.553737, 12.570299]	[105, 118]	[]	[]	[86599122, 86599135]	[]
876_12854	chr17	79750793	79751193	+	817	37.0	[7.677661]	[67]	[]	[]	[79750954]	[]
876_12855	chr18	3602021	3602421	+	790	37.0	[9.252844]	[85]	[]	[]	[3602196]	[]
876_12858	chr18	9947123	9947523	+	853	37.0	[]	[]	[10.2047415]	[132]	[]	[9947328]
876_12867	chr19	55007534	55007934	+	787	37.0	[8.264141, 12.570299]	[80, 93]	[]	[]	[55007714, 55007727]	[]
876_12869	chr2	9656289	9656689	+	882	37.0	[8.361351]	[132]	[]	[]	[9656502]	[]
876_12870	chr2	11940092	11940492	+	890	37.0	[8.84223]	[57]	[]	[]	[11940246]	[]
876_12873	chr2	61967271	61967671	+	804	37.0	[]	[]	[12.570299]	[136]	[]	[61967505]
876_12885	chr2	189659724	189660124	+	901	37.0	[12.570299]	[87]	[]	[]	[189659884]	[]
876_12886	chr2	202607220	202607620	+	852	37.0	[12.570299]	[136]	[]	[]	[202607432]	[]
876_12890	chr2	237467265	237467665	+	872	37.0	[]	[]	[9.252844]	[145]	[]	[237467486]
876_12891	chr20	42206538	42206938	+	879	37.0	[9.53014]	[100]	[]	[]	[42206738]	[]
876_12899	chr21	35047746	35048146	+	790	37.0	[]	[]	[8.84223]	[72]	[]	[35047913]
876_12903	chr22	16718253	16718653	+	876	37.0	[7.764176]	[215]	[7.764176]	[214]	[16718469]	[16718468]
876_12908	chr22	20794598	20794998	+	880	37.0	[8.264141]	[173]	[]	[]	[20794791]	[]
876_1291	chr11	1356041	1356441	+	1000	122.0	[9.252844]	[102]	[]	[]	[1356243]	[]
876_12910	chr22	21751975	21752375	+	788	37.0	[]	[]	[12.570299]	[132]	[]	[21752190]
876_12925	chr3	7876940	7877340	+	591	37.0	[]	[]	[10.2047415]	[147]	[]	[7877170]
876_12928	chr3	15295470	15295870	+	831	37.0	[8.361351]	[107]	[]	[]	[15295645]	[]
876_12938	chr3	119525030	119525430	+	802	37.0	[12.570299, 12.570299]	[95, 171]	[]	[]	[119525197, 119525273]	[]
876_12939	chr3	126908531	126908931	+	769	37.0	[]	[]	[10.2047415]	[174]	[]	[126908763]
876_12940	chr3	151877323	151877723	+	886	37.0	[12.570299]	[166]	[]	[]	[151877551]	[]
876_12941	chr3	156827123	156827523	+	899	37.0	[12.570299, 12.570299]	[110, 185]	[]	[]	[156827285, 156827360]	[]
876_12942	chr3	170703123	170703523	+	835	37.0	[8.009179]	[133]	[]	[]	[170703322]	[]
876_12946	chr4	39182391	39182791	+	824	37.0	[10.2047415]	[94]	[]	[]	[39182564]	[]
876_12947	chr4	61372597	61372997	+	848	37.0	[]	[]	[12.570299]	[104]	[]	[61372781]
876_12949	chr4	98682534	98682934	+	604	37.0	[8.182752]	[106]	[12.570299, 8.264141]	[160, 168]	[98682716]	[98682770, 98682778]
876_12951	chr4	183619436	183619836	+	883	37.0	[7.677661]	[154]	[]	[]	[183619680]	[]
876_12953	chr5	207031	207431	+	726	37.0	[]	[]	[8.361351]	[108]	[]	[207225]
876_12955	chr5	19098462	19098862	+	853	37.0	[]	[]	[12.570299]	[103]	[]	[19098664]
876_12960	chr5	132906009	132906409	+	769	37.0	[12.570299, 9.252844]	[122, 165]	[]	[]	[132906214, 132906257]	[]
876_12961	chr5	136466292	136466692	+	643	37.0	[7.5891633]	[53]	[]	[]	[136466444]	[]
876_12962	chr5	138553664	138554064	+	895	37.0	[8.84223]	[122]	[]	[]	[138553818]	[]
876_12964	chr5	157273051	157273451	+	636	37.0	[]	[]	[7.764176]	[119]	[]	[157273240]
876_12965	chr5	170200810	170201210	+	901	37.0	[9.53014, 8.361351]	[86, 138]	[]	[]	[170200981, 170201033]	[]
876_12968	chr5	181184271	181184671	+	770	37.0	[]	[]	[12.570299]	[93]	[]	[181184456]
876_1297	chr7	96331219	96331619	+	1000	122.0	[]	[]	[12.570299]	[103]	[]	[96331408]
876_12971	chr6	12014211	12014611	+	849	37.0	[7.764176, 9.252844]	[119, 151]	[]	[]	[12014420, 12014452]	[]
876_12973	chr6	24389251	24389651	+	874	37.0	[9.53014]	[72]	[]	[]	[24389404]	[]
876_12974	chr6	27091542	27091942	+	875	37.0	[10.2047415]	[138]	[]	[]	[27091713]	[]
876_1298	chrX	108088454	108088854	+	1000	122.0	[12.570299]	[163]	[]	[]	[108088685]	[]
876_12985	chr6	72984182	72984582	+	723	37.0	[]	[]	[12.570299]	[153]	[]	[72984390]
876_12988	chr6	104489614	104490014	+	634	37.0	[12.570299]	[150]	[]	[]	[104489861]	[]
876_1299	chr1	39988585	39988985	+	1000	121.5	[7.7748694, 12.570299]	[69, 104]	[]	[]	[39988753, 39988788]	[]
876_12993	chr6	136404530	136404930	+	865	37.0	[8.84223, 8.84223]	[171, 182]	[12.570299]	[138]	[136404729, 136404740]	[136404696]
876_12995	chr6	137890983	137891383	+	772	37.0	[]	[]	[12.570299]	[109]	[]	[137891180]
876_12997	chr6	145816307	145816707	+	756	37.0	[12.570299]	[144]	[9.252844]	[112]	[145816512]	[145816480]
876_12999	chr6	156717750	156718150	+	730	37.0	[]	[]	[7.677661]	[159]	[]	[156717991]
876_1300	chr1	211928168	211928568	+	1000	121.5	[]	[]	[10.2047415]	[96]	[]	[211928352]
876_13000	chr6	157513290	157513690	+	742	37.0	[8.361351]	[131]	[7.7748694]	[92]	[157513518]	[157513479]
876_13002	chr7	13050652	13051052	+	868	37.0	[9.252844]	[95]	[10.2047415]	[138]	[13050847]	[13050890]
876_13007	chr7	87283463	87283863	+	850	37.0	[8.361351]	[175]	[]	[]	[87283689]	[]
876_13008	chr7	93398550	93398950	+	895	37.0	[]	[]	[12.570299, 8.264141]	[76, 89]	[]	[93398716, 93398729]
876_13014	chr7	107396894	107397294	+	854	37.0	[]	[]	[8.361351]	[170]	[]	[107397081]
876_13015	chr7	107408833	107409233	+	584	37.0	[]	[]	[12.570299]	[136]	[]	[107409049]
876_13019	chr7	121530480	121530880	+	766	37.0	[12.570299]	[116]	[]	[]	[121530676]	[]
876_13024	chr7	140508042	140508442	+	768	37.0	[7.5891633]	[119]	[]	[]	[140508234]	[]
876_13030	chr8	18130045	18130445	+	771	37.0	[8.361351]	[148]	[]	[]	[18130248]	[]
876_13032	chr8	30157427	30157827	+	886	37.0	[12.570299]	[132]	[]	[]	[30157637]	[]
876_13034	chr8	61731532	61731932	+	898	37.0	[7.676677]	[144]	[]	[]	[61731758]	[]
876_13036	chr8	102716913	102717313	+	895	37.0	[]	[]	[7.578352]	[123]	[]	[102717130]
876_13038	chr8	125833042	125833442	+	902	37.0	[]	[]	[10.2047415]	[81]	[]	[125833221]
876_13039	chr8	129440087	129440487	+	864	37.0	[]	[]	[8.361351]	[82]	[]	[129440248]
876_1304	chr16	56478804	56479204	+	1000	121.5	[8.361351]	[113]	[]	[]	[56479012]	[]
876_13046	chr9	122217727	122218127	+	722	37.0	[]	[]	[8.182752]	[138]	[]	[122217944]
876_1305	chr2	26342899	26343299	+	1000	121.5	[]	[]	[12.570299]	[106]	[]	[26343079]
876_13055	chrX	24471661	24472061	+	663	37.0	[]	[]	[12.570299]	[134]	[]	[24471878]
876_13057	chrX	108558172	108558572	+	855	37.0	[9.252844]	[91]	[]	[]	[108558346]	[]
876_13061	chr1	16624411	16624811	+	687	36.5	[]	[]	[9.252844]	[162]	[]	[16624649]
876_13062	chr1	21801090	21801490	+	854	36.5	[]	[]	[12.570299]	[138]	[]	[21801320]
876_13064	chr1	26237484	26237884	+	860	36.5	[7.553737]	[177]	[7.677661]	[205]	[26237671]	[26237699]
876_13065	chr1	33918442	33918842	+	855	36.5	[9.53014, 7.7748694]	[84, 113]	[]	[]	[33918618, 33918647]	[]
876_13067	chr1	40691040	40691440	+	874	36.5	[]	[]	[7.676677]	[142]	[]	[40691277]
876_13072	chr1	44047710	44048110	+	811	36.5	[]	[]	[10.2047415]	[148]	[]	[44047899]
876_13073	chr1	51526348	51526748	+	756	36.5	[]	[]	[9.53014]	[121]	[]	[51526568]
876_13076	chr1	67691664	67692064	+	807	36.5	[9.252844]	[92]	[]	[]	[67691825]	[]
876_1308	chr3	179100729	179101129	+	1000	121.5	[]	[]	[8.361351]	[87]	[]	[179100915]
876_13088	chr1	161495636	161496036	+	550	36.5	[]	[]	[10.2047415]	[104]	[]	[161495833]
876_1309	chr4	84127018	84127418	+	1000	121.5	[12.570299]	[147]	[]	[]	[84127254]	[]
876_13094	chr1	175209583	175209983	+	845	36.5	[8.84223]	[149]	[]	[]	[175209744]	[]
876_13096	chr1	192170206	192170606	+	842	36.5	[7.764176]	[93]	[12.570299]	[111]	[192170367]	[192170385]
876_13098	chr1	207499548	207499948	+	866	36.5	[]	[]	[7.553737]	[175]	[]	[207499797]
876_13099	chr1	209692737	209693137	+	735	36.5	[]	[]	[8.264141]	[183]	[]	[209692922]
876_1310	chr5	148732665	148733065	+	1000	121.5	[12.570299, 10.2047415, 9.53014]	[78, 161, 165]	[]	[]	[148732826, 148732909, 148732913]	[]
876_13106	chr1	234745866	234746266	+	835	36.5	[]	[]	[12.570299]	[144]	[]	[234746071]
876_1311	chr8	91197185	91197585	+	1000	121.5	[]	[]	[12.570299]	[111]	[]	[91197395]
876_13111	chr10	50356105	50356505	+	597	36.5	[8.84223]	[156]	[]	[]	[50356337]	[]
876_13113	chr10	59873049	59873449	+	859	36.5	[7.5891633]	[192]	[]	[]	[59873261]	[]
876_13114	chr10	61769658	61770058	+	711	36.5	[]	[]	[8.361351]	[88]	[]	[61769844]
876_13116	chr10	72291087	72291487	+	862	36.5	[8.84223]	[152]	[]	[]	[72291293]	[]
876_13120	chr10	110487563	110487963	+	709	36.5	[12.570299]	[110]	[]	[]	[110487772]	[]
876_13128	chr11	77779883	77780283	+	839	36.5	[8.84223]	[143]	[12.570299]	[120]	[77780118]	[77780095]
876_13130	chr11	114179068	114179468	+	781	36.5	[]	[]	[8.361351]	[88]	[]	[114179247]
876_13132	chr12	12927297	12927697	+	851	36.5	[]	[]	[9.252844]	[110]	[]	[12927496]
876_13134	chr12	25744776	25745176	+	559	36.5	[8.182752, 8.361351]	[95, 116]	[]	[]	[25744931, 25744952]	[]
876_13146	chr12	110271674	110272074	+	611	36.5	[9.53014]	[163]	[]	[]	[110271911]	[]
876_1315	chr15	81870938	81871338	+	1000	121.0	[12.570299]	[108]	[]	[]	[81871136]	[]
876_13151	chr13	52720909	52721309	+	659	36.5	[]	[]	[12.570299]	[97]	[]	[52721088]
876_13163	chr13	90299686	90300086	+	627	36.5	[9.252844]	[132]	[10.2047415]	[107]	[90299894]	[90299869]
876_13165	chr13	90430683	90431083	+	877	36.5	[]	[]	[7.764176]	[160]	[]	[90430844]
876_13166	chr13	90436031	90436431	+	800	36.5	[]	[]	[7.7748694]	[137]	[]	[90436221]
876_13171	chr13	92501823	92502223	+	860	36.5	[10.2047415]	[187]	[]	[]	[92502040]	[]
876_1318	chr2	68403297	68403697	+	1000	121.0	[]	[]	[12.570299]	[114]	[]	[68403506]
876_13185	chr15	38627982	38628382	+	859	36.5	[10.2047415]	[171]	[]	[]	[38628190]	[]
876_13188	chr15	60255416	60255816	+	845	36.5	[12.570299]	[146]	[]	[]	[60255653]	[]
876_13191	chr15	76312834	76313234	+	782	36.5	[]	[]	[9.53014]	[115]	[]	[76313002]
876_13197	chr16	67190520	67190920	+	684	36.5	[]	[]	[9.53014]	[135]	[]	[67190742]
876_13199	chr16	84881663	84882063	+	798	36.5	[10.2047415]	[126]	[]	[]	[84881887]	[]
876_132	chr16	34592541	34592941	+	1000	369.0	[]	[]	[7.5891633]	[145]	[]	[34592784]
876_13200	chr16	85049963	85050363	+	812	36.5	[12.570299, 8.84223]	[87, 169]	[]	[]	[85050114, 85050196]	[]
876_13201	chr17	11908667	11909067	+	865	36.5	[]	[]	[9.53014]	[105]	[]	[11908836]
876_13204	chr17	39154132	39154532	+	629	36.5	[9.252844]	[107]	[]	[]	[39154326]	[]
876_13209	chr17	78082320	78082720	+	809	36.5	[]	[]	[8.182752]	[177]	[]	[78082549]
876_13212	chr18	3249254	3249654	+	816	36.5	[8.264141]	[138]	[]	[]	[3249463]	[]
876_13217	chr18	50425217	50425617	+	558	36.5	[8.264141]	[164]	[]	[]	[50425465]	[]
876_13218	chr18	50455704	50456104	+	781	36.5	[]	[]	[8.361351]	[153]	[]	[50455928]
876_1322	chr4	112113031	112113431	+	1000	121.0	[8.182752, 12.570299]	[105, 141]	[]	[]	[112113214, 112113250]	[]
876_13220	chr19	19445048	19445448	+	836	36.5	[]	[]	[12.570299]	[111]	[]	[19445257]
876_13229	chr2	105968268	105968668	+	673	36.5	[]	[]	[8.84223]	[95]	[]	[105968445]
876_1323	chr4	185235872	185236272	+	1000	121.0	[10.2047415]	[119]	[]	[]	[185236082]	[]
876_13231	chr2	144231594	144231994	+	557	36.5	[9.53014]	[195]	[]	[]	[144231810]	[]
876_13240	chr2	190195471	190195871	+	585	36.5	[]	[]	[8.361351, 7.677661]	[68, 89]	[]	[190195622, 190195643]
876_13241	chr2	204452368	204452768	+	853	36.5	[7.676677, 12.570299]	[90, 140]	[]	[]	[204452542, 204452592]	[]
876_13242	chr2	216577541	216577941	+	867	36.5	[]	[]	[8.361351]	[99]	[]	[216577704]
876_13247	chr21	42955773	42956173	+	597	36.5	[]	[]	[8.84223]	[167]	[]	[42955989]
876_13254	chr22	21820426	21820826	+	674	36.5	[]	[]	[10.2047415]	[148]	[]	[21820642]
876_13258	chr22	22118942	22119342	+	842	36.5	[7.764176]	[69]	[7.764176, 9.53014]	[68, 84]	[22119104]	[22119103, 22119119]
876_1326	chr7	50899097	50899497	+	1000	121.0	[12.570299]	[115]	[]	[]	[50899311]	[]
876_13262	chr22	22486870	22487270	+	876	36.5	[8.009179]	[174]	[]	[]	[22487061]	[]
876_1327	chr7	54996009	54996409	+	1000	121.0	[]	[]	[12.570299]	[75]	[]	[54996177]
876_13270	chr22	46816179	46816579	+	720	36.5	[8.264141]	[64]	[12.570299]	[96]	[46816341]	[46816373]
876_13275	chr3	12660849	12661249	+	675	36.5	[8.84223, 7.7748694]	[109, 138]	[9.53014]	[94]	[12661052, 12661081]	[12661037]
876_13277	chr3	21133333	21133733	+	800	36.5	[8.361351]	[175]	[]	[]	[21133548]	[]
876_1328	chr16	55948197	55948597	+	1000	120.5	[12.570299]	[133]	[]	[]	[55948412]	[]
876_13284	chr3	47479114	47479514	+	764	36.5	[8.009179]	[102]	[]	[]	[47479277]	[]
876_13285	chr3	48009765	48010165	+	627	36.5	[8.361351]	[87]	[]	[]	[48009937]	[]
876_1329	chr17	76106022	76106422	+	1000	120.5	[8.361351]	[133]	[]	[]	[76106247]	[]
876_13295	chr4	94293984	94294384	+	724	36.5	[7.553737, 12.570299]	[86, 99]	[]	[]	[94294161, 94294174]	[]
876_13296	chr4	95255709	95256109	+	612	36.5	[]	[]	[12.570299]	[73]	[]	[95255872]
876_13297	chr4	95362772	95363172	+	800	36.5	[7.7748694, 12.570299]	[93, 170]	[]	[]	[95362933, 95363010]	[]
876_13298	chr4	164142094	164142494	+	706	36.5	[12.570299]	[111]	[]	[]	[164142277]	[]
876_13299	chr5	63090479	63090879	+	757	36.5	[12.570299]	[94]	[]	[]	[63090673]	[]
876_1330	chr19	47050564	47050964	+	1000	120.5	[7.553737, 12.570299]	[92, 105]	[]	[]	[47050755, 47050768]	[]
876_13305	chr5	112695145	112695545	+	875	36.5	[9.252844]	[171]	[]	[]	[112695389]	[]
876_13309	chr5	149456661	149457061	+	617	36.5	[7.7748694]	[201]	[]	[]	[149456912]	[]
876_1331	chr21	14491308	14491708	+	1000	120.5	[8.84223]	[162]	[]	[]	[14491545]	[]
876_13316	chr5	179534496	179534896	+	868	36.5	[10.2047415]	[119]	[12.570299]	[157]	[179534704]	[179534742]
876_13317	chr6	2790983	2791383	+	795	36.5	[]	[]	[7.7748694]	[167]	[]	[2791220]
876_13318	chr6	6732730	6733130	+	874	36.5	[12.570299]	[131]	[]	[]	[6732946]	[]
876_13320	chr6	8439600	8440000	+	877	36.5	[]	[]	[8.361351]	[144]	[]	[8439838]
876_13323	chr6	16074523	16074923	+	831	36.5	[]	[]	[12.570299, 7.676677]	[129, 171]	[]	[16074690, 16074732]
876_1333	chr6	11947579	11947979	+	1000	120.5	[10.2047415]	[96]	[]	[]	[11947773]	[]
876_13331	chr6	34324566	34324966	+	581	36.5	[7.5891633]	[150]	[]	[]	[34324786]	[]
876_13338	chr6	108897287	108897687	+	737	36.5	[]	[]	[10.2047415, 8.84223, 8.361351, 10.2047415]	[100, 118, 134, 147]	[]	[108897460, 108897478, 108897494, 108897507]
876_13342	chr6	125957829	125958229	+	807	36.5	[7.677661]	[123]	[7.677661]	[122]	[125958009]	[125958008]
876_13356	chr7	8390245	8390645	+	813	36.5	[]	[]	[12.570299]	[163]	[]	[8390472]
876_13360	chr7	68038598	68038998	+	807	36.5	[10.2047415]	[113]	[]	[]	[68038805]	[]
876_13366	chr7	106447334	106447734	+	786	36.5	[]	[]	[12.570299]	[100]	[]	[106447503]
876_13376	chr7	130925155	130925555	+	884	36.5	[10.2047415]	[123]	[]	[]	[130925371]	[]
876_13379	chr7	138125750	138126150	+	832	36.5	[10.2047415]	[133]	[]	[]	[138125975]	[]
876_13383	chr7	151505428	151505828	+	809	36.5	[7.677661]	[86]	[10.2047415]	[130]	[151505608]	[151505652]
876_13386	chr8	6747188	6747588	+	783	36.5	[]	[]	[10.2047415]	[94]	[]	[6747374]
876_13387	chr8	9063873	9064273	+	851	36.5	[10.2047415]	[85]	[]	[]	[9064041]	[]
876_13390	chr8	29399455	29399855	+	805	36.5	[]	[]	[12.570299]	[162]	[]	[29399683]
876_13392	chr8	47372084	47372484	+	665	36.5	[12.570299]	[89]	[]	[]	[47372265]	[]
876_13393	chr8	56984921	56985321	+	864	36.5	[]	[]	[12.570299]	[140]	[]	[56985152]
876_13394	chr8	61850490	61850890	+	543	36.5	[]	[]	[12.570299]	[97]	[]	[61850680]
876_13397	chr8	97267408	97267808	+	834	36.5	[12.570299, 10.2047415]	[135, 148]	[]	[]	[97267626, 97267639]	[]
876_1340	chr3	152591435	152591835	+	1000	120.0	[]	[]	[7.5891633]	[65]	[]	[152591592]
876_13400	chr8	126061138	126061538	+	837	36.5	[]	[]	[9.53014]	[106]	[]	[126061329]
876_13401	chr8	127895699	127896099	+	548	36.5	[]	[]	[10.2047415]	[134]	[]	[127895930]
876_13402	chr8	129684934	129685334	+	835	36.5	[12.570299]	[147]	[]	[]	[129685181]	[]
876_13404	chr9	4833122	4833522	+	697	36.5	[9.53014]	[185]	[]	[]	[4833368]	[]
876_13406	chr9	99156918	99157318	+	597	36.5	[]	[]	[9.53014]	[108]	[]	[99157109]
876_1341	chr4	99770828	99771228	+	1000	120.0	[]	[]	[12.570299]	[69]	[]	[99770994]
876_13418	chrX	41331457	41331857	+	650	36.5	[]	[]	[12.570299]	[146]	[]	[41331680]
876_13419	chrX	47772808	47773208	+	819	36.5	[10.2047415]	[90]	[]	[]	[47772978]	[]
876_13420	chrX	86002488	86002888	+	828	36.5	[12.570299]	[141]	[]	[]	[86002716]	[]
876_13423	chr1	8822808	8823208	+	831	36.0	[9.53014, 9.53014]	[99, 175]	[7.764176]	[115]	[8822973, 8823049]	[8822989]
876_1343	chr6	49387116	49387516	+	1000	120.0	[12.570299]	[162]	[]	[]	[49387349]	[]
876_13432	chr1	43874554	43874954	+	842	36.0	[12.570299, 12.570299]	[116, 159]	[]	[]	[43874755, 43874798]	[]
876_13437	chr1	46521839	46522239	+	688	36.0	[8.182752]	[114]	[]	[]	[46522003]	[]
876_1344	chr7	43778664	43779064	+	1000	120.0	[]	[]	[12.570299]	[70]	[]	[43778831]
876_13449	chr1	149997489	149997889	+	837	36.0	[9.252844]	[135]	[]	[]	[149997703]	[]
876_13456	chr1	186288219	186288619	+	639	36.0	[]	[]	[10.2047415]	[103]	[]	[186288408]
876_13458	chr1	206887667	206888067	+	827	36.0	[]	[]	[9.53014]	[116]	[]	[206887871]
876_1346	chr8	60981407	60981807	+	1000	120.0	[7.676677]	[57]	[]	[]	[60981559]	[]
876_13464	chr1	223698031	223698431	+	837	36.0	[]	[]	[9.53014]	[225]	[]	[223698269]
876_13465	chr1	224540506	224540906	+	721	36.0	[]	[]	[7.7748694]	[104]	[]	[224540662]
876_13474	chr1	248882292	248882692	+	841	36.0	[]	[]	[7.578352]	[114]	[]	[248882482]
876_13480	chr10	44112240	44112640	+	794	36.0	[]	[]	[12.570299]	[89]	[]	[44112422]
876_13485	chr10	63004069	63004469	+	572	36.0	[]	[]	[12.570299]	[144]	[]	[63004233]
876_13492	chr10	119006901	119007301	+	838	36.0	[7.553737]	[146]	[]	[]	[119007123]	[]
876_13495	chr11	35390992	35391392	+	817	36.0	[10.2047415]	[69]	[10.2047415]	[106]	[35391143]	[35391180]
876_13500	chr11	70300794	70301194	+	741	36.0	[12.570299]	[107]	[7.553737, 7.7748694]	[97, 123]	[70300988]	[70300978, 70301004]
876_13501	chr11	70397719	70398119	+	711	36.0	[]	[]	[12.570299]	[115]	[]	[70397920]
876_13504	chr11	86197402	86197802	+	817	36.0	[8.264141]	[114]	[]	[]	[86197598]	[]
876_13505	chr11	110363164	110363564	+	792	36.0	[]	[]	[12.570299]	[123]	[]	[110363366]
876_13507	chr12	25730699	25731099	+	825	36.0	[]	[]	[10.2047415]	[68]	[]	[25730863]
876_13508	chr12	29164713	29165113	+	703	36.0	[9.53014]	[154]	[10.2047415]	[129]	[29164956]	[29164931]
876_13509	chr12	49267476	49267876	+	824	36.0	[12.570299, 10.2047415]	[110, 127]	[]	[]	[49267646, 49267663]	[]
876_1351	chr2	9050110	9050510	+	1000	119.5	[]	[]	[10.2047415]	[119]	[]	[9050313]
876_13514	chr12	119940910	119941310	+	682	36.0	[12.570299]	[113]	[]	[]	[119941100]	[]
876_13517	chr13	42201347	42201747	+	756	36.0	[]	[]	[10.2047415]	[163]	[]	[42201573]
876_13522	chr13	90044757	90045157	+	833	36.0	[]	[]	[9.53014]	[59]	[]	[90044909]
876_13528	chr13	91262232	91262632	+	791	36.0	[]	[]	[12.570299]	[134]	[]	[91262429]
876_13532	chr13	91790247	91790647	+	744	36.0	[]	[]	[9.53014]	[164]	[]	[91790449]
876_1354	chr9	71742305	71742705	+	1000	119.5	[]	[]	[9.53014]	[97]	[]	[71742492]
876_13540	chr13	114047313	114047713	+	775	36.0	[12.570299]	[114]	[]	[]	[114047506]	[]
876_13541	chr14	41068165	41068565	+	808	36.0	[12.570299]	[93]	[]	[]	[41068343]	[]
876_13542	chr14	54587168	54587568	+	838	36.0	[7.677661]	[102]	[8.009179]	[145]	[54587350]	[54587393]
876_13551	chr16	21280517	21280917	+	830	36.0	[8.182752]	[141]	[]	[]	[21280742]	[]
876_13557	chr16	55991881	55992281	+	811	36.0	[]	[]	[9.53014]	[156]	[]	[55992117]
876_13558	chr16	58366235	58366635	+	718	36.0	[9.252844]	[108]	[]	[]	[58366423]	[]
876_13561	chr16	87774690	87775090	+	826	36.0	[]	[]	[12.570299]	[88]	[]	[87774878]
876_13563	chr17	11866518	11866918	+	778	36.0	[]	[]	[12.570299]	[104]	[]	[11866697]
876_13564	chr17	27323383	27323783	+	791	36.0	[]	[]	[8.182752]	[103]	[]	[27323570]
876_13567	chr17	55663474	55663874	+	690	36.0	[]	[]	[8.361351]	[90]	[]	[55663642]
876_13569	chr17	59845091	59845491	+	616	36.0	[10.2047415]	[173]	[]	[]	[59845290]	[]
876_1357	chr11	16337890	16338290	+	1000	119.0	[10.2047415]	[137]	[]	[]	[16338112]	[]
876_13577	chr18	9117276	9117676	+	607	36.0	[]	[]	[9.53014]	[102]	[]	[9117454]
876_13579	chr18	23288976	23289376	+	829	36.0	[]	[]	[12.570299, 8.264141]	[95, 108]	[]	[23289156, 23289169]
876_1358	chr11	63582489	63582889	+	1000	119.0	[8.84223, 8.84223]	[128, 155]	[]	[]	[63582708, 63582735]	[]
876_13583	chr18	54946308	54946708	+	849	36.0	[]	[]	[9.252844]	[115]	[]	[54946513]
876_13586	chr19	21593168	21593568	+	849	36.0	[12.570299]	[145]	[]	[]	[21593369]	[]
876_13593	chr2	10120325	10120725	+	583	36.0	[]	[]	[12.570299]	[101]	[]	[10120510]
876_13598	chr2	32905859	32906259	+	814	36.0	[12.570299]	[96]	[]	[]	[32906052]	[]
876_13599	chr2	32950009	32950409	+	846	36.0	[7.764176]	[157]	[7.764176]	[156]	[32950218]	[32950217]
876_13603	chr2	55227938	55228338	+	835	36.0	[]	[]	[9.53014]	[155]	[]	[55228178]
876_13605	chr2	69601173	69601573	+	792	36.0	[]	[]	[9.53014]	[134]	[]	[69601385]
876_13607	chr2	102256233	102256633	+	773	36.0	[]	[]	[12.570299]	[94]	[]	[102256421]
876_13611	chr2	169162278	169162678	+	714	36.0	[]	[]	[12.570299]	[146]	[]	[169162461]
876_13612	chr2	177267914	177268314	+	562	36.0	[8.361351]	[201]	[]	[]	[177268151]	[]
876_13616	chr20	31547729	31548129	+	817	36.0	[8.361351]	[161]	[]	[]	[31547975]	[]
876_13617	chr20	32395139	32395539	+	571	36.0	[]	[]	[9.252844]	[108]	[]	[32395307]
876_13618	chr20	37542243	37542643	+	825	36.0	[9.53014]	[161]	[8.84223]	[204]	[37542406]	[37542449]
876_13619	chr20	50113688	50114088	+	831	36.0	[7.676677, 10.2047415]	[158, 169]	[]	[]	[50113928, 50113939]	[]
876_13622	chr21	35014262	35014662	+	689	36.0	[9.53014]	[214]	[]	[]	[35014505]	[]
876_13624	chr22	19168241	19168641	+	564	36.0	[12.570299, 12.570299]	[68, 100]	[]	[]	[19168403, 19168435]	[]
876_13625	chr22	19577205	19577605	+	579	36.0	[7.578352]	[185]	[]	[]	[19577441]	[]
876_13633	chr22	21612089	21612489	+	584	36.0	[]	[]	[9.252844, 9.53014]	[106, 120]	[]	[21612263, 21612277]
876_13638	chr22	22008051	22008451	+	824	36.0	[7.7748694]	[139]	[]	[]	[22008228]	[]
876_13642	chr22	22589612	22590012	+	737	36.0	[12.570299]	[115]	[]	[]	[22589770]	[]
876_13646	chr22	23252705	23253105	+	824	36.0	[]	[]	[7.676677]	[155]	[]	[23252909]
876_1365	chr10	61830837	61831237	+	1000	118.5	[8.264141, 12.570299]	[84, 112]	[]	[]	[61831021, 61831049]	[]
876_13651	chr3	19945365	19945765	+	846	36.0	[]	[]	[8.361351]	[194]	[]	[19945613]
876_13652	chr3	31530568	31530968	+	796	36.0	[8.84223]	[241]	[]	[]	[31530818]	[]
876_13654	chr3	46509899	46510299	+	831	36.0	[7.676677]	[160]	[]	[]	[46510134]	[]
876_13656	chr3	107333996	107334396	+	664	36.0	[12.570299]	[149]	[]	[]	[107334215]	[]
876_13657	chr3	118348128	118348528	+	752	36.0	[]	[]	[10.2047415]	[194]	[]	[118348376]
876_13658	chr3	135439187	135439587	+	761	36.0	[]	[]	[12.570299]	[104]	[]	[135439384]
876_1366	chr13	44368925	44369325	+	1000	118.5	[]	[]	[10.2047415]	[86]	[]	[44369086]
876_13660	chr3	139591222	139591622	+	795	36.0	[12.570299]	[106]	[]	[]	[139591424]	[]
876_13661	chr3	152524475	152524875	+	844	36.0	[8.84223]	[128]	[]	[]	[152524696]	[]
876_13664	chr4	22891658	22892058	+	781	36.0	[]	[]	[12.570299]	[91]	[]	[22891823]
876_13665	chr4	38243355	38243755	+	764	36.0	[9.53014]	[94]	[]	[]	[38243520]	[]
876_13669	chr4	95176601	95177001	+	691	36.0	[]	[]	[12.570299]	[99]	[]	[95176794]
876_13670	chr4	150302441	150302841	+	837	36.0	[]	[]	[8.264141]	[79]	[]	[150302596]
876_13672	chr4	176309775	176310175	+	806	36.0	[]	[]	[12.570299]	[102]	[]	[176309962]
876_13673	chr5	43227673	43228073	+	684	36.0	[12.570299, 8.009179]	[152, 187]	[]	[]	[43227887, 43227922]	[]
876_13676	chr5	96714877	96715277	+	766	36.0	[]	[]	[9.53014]	[166]	[]	[96715048]
876_13678	chr5	133170688	133171088	+	837	36.0	[]	[]	[12.570299]	[151]	[]	[133170907]
876_13681	chr5	141713846	141714246	+	841	36.0	[]	[]	[8.361351]	[124]	[]	[141714060]
876_13682	chr5	150009756	150010156	+	845	36.0	[]	[]	[8.361351]	[109]	[]	[150009940]
876_13688	chr6	10800818	10801218	+	798	36.0	[]	[]	[12.570299]	[81]	[]	[10800986]
876_13689	chr6	11398368	11398768	+	654	36.0	[10.2047415, 8.361351]	[140, 151]	[]	[]	[11398590, 11398601]	[]
876_1369	chr3	32557641	32558041	+	1000	118.5	[12.570299]	[112]	[]	[]	[32557853]	[]
876_13697	chr6	16430669	16431069	+	602	36.0	[]	[]	[10.2047415]	[140]	[]	[16430909]
876_1370	chr3	44518169	44518569	+	1000	118.5	[10.2047415]	[149]	[]	[]	[44518414]	[]
876_13700	chr6	26555030	26555430	+	847	36.0	[10.2047415]	[127]	[]	[]	[26555231]	[]
876_13707	chr6	31904003	31904403	+	590	36.0	[12.570299]	[131]	[]	[]	[31904233]	[]
876_13708	chr6	31919576	31919976	+	821	36.0	[9.252844]	[96]	[]	[]	[31919757]	[]
876_13710	chr6	35732148	35732548	+	790	36.0	[9.252844]	[134]	[]	[]	[35732359]	[]
876_13713	chr6	38069917	38070317	+	616	36.0	[]	[]	[9.53014, 9.252844, 12.570299]	[71, 108, 116]	[]	[38070074, 38070111, 38070119]
876_13717	chr6	79600920	79601320	+	811	36.0	[7.7748694]	[143]	[12.570299, 9.53014]	[83, 119]	[79601149]	[79601089, 79601125]
876_13719	chr6	87213550	87213950	+	584	36.0	[]	[]	[12.570299]	[82]	[]	[87213717]
876_1372	chr6	42567228	42567628	+	1000	118.5	[12.570299]	[114]	[12.570299, 7.5891633]	[52, 97]	[42567442]	[42567380, 42567425]
876_13728	chr6	155314795	155315195	+	846	36.0	[]	[]	[7.676677]	[146]	[]	[155315026]
876_13729	chr6	157964107	157964507	+	814	36.0	[7.676677]	[180]	[]	[]	[157964342]	[]
876_1373	chr7	73793479	73793879	+	1000	118.5	[8.84223]	[120]	[]	[]	[73793679]	[]
876_13732	chr7	7617520	7617920	+	778	36.0	[9.252844]	[122]	[8.009179]	[142]	[7617735]	[7617755]
876_1374	chr7	106367063	106367463	+	1000	118.5	[]	[]	[10.2047415]	[82]	[]	[106367244]
876_13746	chr7	106062529	106062929	+	837	36.0	[]	[]	[12.570299]	[113]	[]	[106062724]
876_13747	chr7	106585324	106585724	+	829	36.0	[]	[]	[7.553737]	[231]	[]	[106585574]
876_13748	chr7	112898462	112898862	+	769	36.0	[12.570299]	[83]	[]	[]	[112898639]	[]
876_13754	chr7	127650221	127650621	+	782	36.0	[]	[]	[8.264141]	[155]	[]	[127650431]
876_13756	chr7	128453394	128453794	+	816	36.0	[]	[]	[12.570299]	[173]	[]	[128453636]
876_13757	chr7	128783345	128783745	+	822	36.0	[9.252844]	[167]	[]	[]	[128783551]	[]
876_13762	chr7	134996151	134996551	+	842	36.0	[12.570299]	[139]	[]	[]	[134996370]	[]
876_13765	chr7	150378026	150378426	+	832	36.0	[]	[]	[8.84223, 8.361351]	[106, 118]	[]	[150378193, 150378205]
876_13766	chr7	150615072	150615472	+	784	36.0	[8.009179]	[149]	[]	[]	[150615242]	[]
876_1377	chr11	95499603	95500003	+	1000	118.0	[]	[]	[10.2047415]	[112]	[]	[95499805]
876_13775	chr8	107331640	107332040	+	752	36.0	[7.677661]	[159]	[7.677661]	[158]	[107331883]	[107331882]
876_13776	chr8	111040270	111040670	+	825	36.0	[]	[]	[12.570299]	[192]	[]	[111040494]
876_13779	chr8	142402179	142402579	+	620	36.0	[12.570299]	[169]	[]	[]	[142402400]	[]
876_13781	chr9	5864087	5864487	+	791	36.0	[]	[]	[12.570299]	[143]	[]	[5864299]
876_13782	chr9	38207692	38208092	+	823	36.0	[12.570299]	[85]	[]	[]	[38207868]	[]
876_13784	chr9	94544402	94544802	+	841	36.0	[]	[]	[12.570299, 7.553737]	[100, 113]	[]	[94544598, 94544611]
876_13785	chr9	98045222	98045622	+	825	36.0	[9.53014]	[120]	[]	[]	[98045408]	[]
876_13786	chr9	98235118	98235518	+	677	36.0	[]	[]	[12.570299]	[77]	[]	[98235288]
876_13788	chr9	98929872	98930272	+	746	36.0	[]	[]	[8.182752]	[180]	[]	[98930088]
876_1379	chr2	31812198	31812598	+	1000	118.0	[12.570299]	[135]	[]	[]	[31812420]	[]
876_13799	chr1	15527242	15527642	+	747	35.5	[7.553737]	[156]	[8.361351, 8.361351]	[132, 139]	[15527438]	[15527414, 15527421]
876_13806	chr1	40866374	40866774	+	806	35.5	[12.570299]	[182]	[]	[]	[40866615]	[]
876_13809	chr1	52877527	52877927	+	811	35.5	[]	[]	[12.570299]	[129]	[]	[52877740]
876_13813	chr1	86633438	86633838	+	786	35.5	[]	[]	[12.570299]	[114]	[]	[86633604]
876_13816	chr1	109285409	109285809	+	614	35.5	[12.570299]	[101]	[12.570299]	[168]	[109285576]	[109285643]
876_13818	chr1	112813980	112814380	+	799	35.5	[]	[]	[12.570299, 12.570299]	[146, 159]	[]	[112814204, 112814217]
876_1382	chr5	108212896	108213296	+	1000	118.0	[]	[]	[12.570299]	[92]	[]	[108213087]
876_13827	chr1	172356531	172356931	+	589	35.5	[]	[]	[7.7748694]	[110]	[]	[172356738]
876_1383	chr8	74866790	74867190	+	1000	118.0	[12.570299]	[112]	[]	[]	[74866988]	[]
876_1384	chr9	87785563	87785963	+	1000	118.0	[8.361351, 8.84223]	[106, 158]	[]	[]	[87785762, 87785814]	[]
876_13840	chr1	228477383	228477783	+	766	35.5	[8.361351]	[139]	[]	[]	[228477580]	[]
876_13841	chr1	231194897	231195297	+	820	35.5	[8.361351]	[82]	[]	[]	[231195073]	[]
876_13847	chr10	21475223	21475623	+	708	35.5	[7.7748694, 12.570299]	[90, 135]	[]	[]	[21475398, 21475443]	[]
876_13851	chr10	92111558	92111958	+	656	35.5	[12.570299]	[126]	[]	[]	[92111756]	[]
876_13855	chr11	9017268	9017668	+	813	35.5	[]	[]	[12.570299, 10.2047415]	[71, 157]	[]	[9017429, 9017515]
876_13856	chr11	10725312	10725712	+	798	35.5	[8.361351]	[136]	[]	[]	[10725527]	[]
876_13860	chr11	55942772	55943172	+	800	35.5	[12.570299]	[198]	[8.182752]	[192]	[55943021]	[55943015]
876_13861	chr11	57625995	57626395	+	766	35.5	[12.570299]	[129]	[9.252844]	[115]	[57626206]	[57626192]
876_13862	chr11	61384955	61385355	+	812	35.5	[10.2047415]	[148]	[]	[]	[61385189]	[]
876_13866	chr11	93000563	93000963	+	730	35.5	[10.2047415]	[165]	[]	[]	[93000805]	[]
876_13869	chr11	118400358	118400758	+	798	35.5	[7.677661]	[126]	[]	[]	[118400569]	[]
876_1387	chr14	96756773	96757173	+	1000	117.5	[]	[]	[8.264141]	[87]	[]	[96756954]
876_13871	chr12	15120113	15120513	+	732	35.5	[]	[]	[9.53014, 7.677661]	[64, 127]	[]	[15120275, 15120338]
876_13872	chr12	39620738	39621138	+	784	35.5	[]	[]	[8.182752]	[125]	[]	[39620932]
876_13875	chr12	57846608	57847008	+	783	35.5	[9.53014]	[130]	[]	[]	[57846785]	[]
876_13876	chr12	68240079	68240479	+	835	35.5	[]	[]	[8.009179]	[151]	[]	[68240323]
876_1388	chr16	15590895	15591295	+	1000	117.5	[9.53014]	[116]	[]	[]	[15591100]	[]
876_13883	chr12	96048475	96048875	+	643	35.5	[12.570299]	[65]	[12.570299]	[101]	[96048634]	[96048670]
876_13888	chr13	28693653	28694053	+	605	35.5	[]	[]	[12.570299]	[94]	[]	[28693838]
876_1389	chr21	14454302	14454702	+	1000	117.5	[8.361351]	[118]	[]	[]	[14454509]	[]
876_13894	chr13	90089284	90089684	+	659	35.5	[9.53014]	[88]	[]	[]	[90089436]	[]
876_13897	chr13	90701402	90701802	+	800	35.5	[8.182752]	[123]	[]	[]	[90701561]	[]
876_139	chr18	10578002	10578402	+	1000	363.5	[]	[]	[12.570299]	[106]	[]	[10578207]
876_1390	chr21	44017673	44018073	+	1000	117.5	[]	[]	[8.361351]	[96]	[]	[44017845]
876_13906	chr13	92348175	92348575	+	789	35.5	[7.677661]	[198]	[]	[]	[92348392]	[]
876_13909	chr13	92695963	92696363	+	702	35.5	[]	[]	[8.009179]	[109]	[]	[92696171]
876_13915	chr14	55500417	55500817	+	746	35.5	[]	[]	[8.361351]	[104]	[]	[55500616]
876_13916	chr14	57002137	57002537	+	719	35.5	[]	[]	[12.570299]	[86]	[]	[57002321]
876_13919	chr15	42499184	42499584	+	777	35.5	[12.570299]	[142]	[]	[]	[42499425]	[]
876_1392	chr1	167864558	167864958	+	1000	117.0	[12.570299]	[129]	[]	[]	[167864779]	[]
876_1393	chr1	184037582	184037982	+	1000	117.0	[]	[]	[9.252844]	[109]	[]	[184037788]
876_13930	chr15	99421098	99421498	+	682	35.5	[]	[]	[12.570299]	[112]	[]	[99421303]
876_13933	chr16	30838000	30838400	+	770	35.5	[10.2047415]	[112]	[]	[]	[30838209]	[]
876_13934	chr16	55572432	55572832	+	613	35.5	[7.677661]	[118]	[7.578352, 7.677661]	[105, 117]	[55572645]	[55572632, 55572644]
876_13946	chr17	62995018	62995418	+	581	35.5	[]	[]	[8.361351]	[176]	[]	[62995258]
876_13953	chr18	31029853	31030253	+	804	35.5	[]	[]	[10.2047415]	[103]	[]	[31030054]
876_13955	chr18	35638214	35638614	+	805	35.5	[8.361351]	[125]	[]	[]	[35638417]	[]
876_13957	chr19	15169027	15169427	+	808	35.5	[9.252844]	[114]	[9.252844]	[111]	[15169239]	[15169236]
876_13958	chr19	40822650	40823050	+	579	35.5	[7.764176]	[99]	[7.764176, 12.570299]	[98, 109]	[40822830]	[40822829, 40822840]
876_13967	chr2	23404558	23404958	+	767	35.5	[]	[]	[12.570299]	[107]	[]	[23404761]
876_13974	chr2	68362104	68362504	+	787	35.5	[8.182752]	[218]	[7.7748694]	[181]	[68362334]	[68362297]
876_13975	chr2	68469919	68470319	+	633	35.5	[]	[]	[12.570299]	[110]	[]	[68470107]
876_13977	chr2	72719505	72719905	+	794	35.5	[9.53014]	[126]	[]	[]	[72719730]	[]
876_13978	chr2	74933037	74933437	+	609	35.5	[]	[]	[12.570299]	[134]	[]	[74933262]
876_13979	chr2	86002347	86002747	+	547	35.5	[10.2047415]	[166]	[]	[]	[86002536]	[]
876_1398	chr4	186829776	186830176	+	1000	117.0	[]	[]	[12.570299, 8.361351]	[101, 168]	[]	[186829959, 186830026]
876_13981	chr2	112275951	112276351	+	666	35.5	[8.264141]	[132]	[]	[]	[112276167]	[]
876_13985	chr2	127000986	127001386	+	751	35.5	[10.2047415]	[164]	[]	[]	[127001196]	[]
876_13986	chr2	128092687	128093087	+	806	35.5	[]	[]	[9.53014]	[85]	[]	[128092865]
876_13993	chr2	168809199	168809599	+	804	35.5	[8.182752]	[191]	[]	[]	[168809449]	[]
876_13994	chr2	170119370	170119770	+	562	35.5	[]	[]	[8.361351]	[119]	[]	[170119577]
876_13995	chr2	170173841	170174241	+	654	35.5	[]	[]	[8.361351, 7.5891633]	[113, 141]	[]	[170174039, 170174067]
876_13996	chr2	172596695	172597095	+	805	35.5	[12.570299]	[137]	[]	[]	[172596906]	[]
876_13998	chr2	182949627	182950027	+	660	35.5	[9.53014]	[99]	[10.2047415]	[143]	[182949801]	[182949845]
876_13999	chr2	215927008	215927408	+	674	35.5	[]	[]	[12.570299]	[82]	[]	[215927190]
876_14005	chr21	35229278	35229678	+	746	35.5	[]	[]	[10.2047415]	[188]	[]	[35229492]
876_14008	chr22	16762121	16762521	+	808	35.5	[7.553737]	[182]	[10.2047415]	[174]	[16762371]	[16762363]
876_14015	chr22	20410472	20410872	+	792	35.5	[9.53014]	[174]	[]	[]	[20410722]	[]
876_14024	chr22	28887051	28887451	+	823	35.5	[7.677661]	[160]	[7.677661]	[159]	[28887270]	[28887269]
876_14026	chr3	9354644	9355044	+	612	35.5	[]	[]	[12.570299]	[126]	[]	[9354829]
876_14028	chr3	42025645	42026045	+	815	35.5	[9.252844]	[191]	[]	[]	[42025886]	[]
876_1403	chr11	58770747	58771147	+	1000	116.5	[]	[]	[8.361351]	[107]	[]	[58770953]
876_14032	chr3	45499513	45499913	+	692	35.5	[9.53014, 10.2047415, 7.5891633]	[87, 121, 171]	[]	[]	[45499668, 45499702, 45499752]	[]
876_14033	chr3	46503100	46503500	+	779	35.5	[]	[]	[12.570299]	[84]	[]	[46503263]
876_1404	chr11	93444574	93444974	+	1000	116.5	[]	[]	[12.570299]	[97]	[]	[93444732]
876_14040	chr3	195705952	195706352	+	830	35.5	[]	[]	[9.252844]	[82]	[]	[195706130]
876_14046	chr4	108649880	108650280	+	817	35.5	[]	[]	[8.361351, 8.84223]	[91, 117]	[]	[108650053, 108650079]
876_14052	chr5	34001338	34001738	+	801	35.5	[]	[]	[12.570299]	[109]	[]	[34001509]
876_14054	chr5	39140507	39140907	+	814	35.5	[7.764176, 8.182752]	[139, 154]	[]	[]	[39140715, 39140730]	[]
876_14062	chr5	162036258	162036658	+	814	35.5	[]	[]	[12.570299]	[123]	[]	[162036478]
876_1407	chr19	54674043	54674443	+	1000	116.5	[12.570299, 10.2047415]	[102, 125]	[]	[]	[54674237, 54674260]	[]
876_14070	chr6	7110399	7110799	+	680	35.5	[8.84223]	[96]	[7.578352]	[80]	[7110591]	[7110575]
876_14091	chr6	106622410	106622810	+	785	35.5	[]	[]	[12.570299]	[105]	[]	[106622609]
876_14097	chr6	119067073	119067473	+	710	35.5	[]	[]	[12.570299, 8.182752]	[136, 180]	[]	[119067268, 119067312]
876_14098	chr6	130675063	130675463	+	762	35.5	[]	[]	[9.53014]	[112]	[]	[130675260]
876_14099	chr6	132513831	132514231	+	819	35.5	[10.2047415]	[99]	[]	[]	[132514023]	[]
876_141	chr2	170263885	170264285	+	1000	360.5	[8.361351]	[133]	[8.84223]	[85]	[170264105]	[170264057]
876_14102	chr6	136740201	136740601	+	749	35.5	[]	[]	[12.570299]	[116]	[]	[136740386]
876_14107	chr6	140258162	140258562	+	642	35.5	[8.264141, 12.570299]	[160, 173]	[]	[]	[140258377, 140258390]	[]
876_14108	chr6	141746293	141746693	+	576	35.5	[12.570299]	[100]	[]	[]	[141746490]	[]
876_14109	chr6	147186156	147186556	+	816	35.5	[]	[]	[8.361351]	[77]	[]	[147186308]
876_1411	chr20	50767411	50767811	+	1000	116.5	[7.553737, 12.570299]	[65, 116]	[]	[]	[50767573, 50767624]	[]
876_14110	chr6	150015692	150016092	+	595	35.5	[]	[]	[9.53014]	[64]	[]	[150015847]
876_14114	chr7	24793790	24794190	+	713	35.5	[]	[]	[12.570299]	[153]	[]	[24794002]
876_14115	chr7	25216720	25217120	+	765	35.5	[]	[]	[9.53014]	[85]	[]	[25216897]
876_14121	chr7	99471352	99471752	+	801	35.5	[]	[]	[8.182752]	[153]	[]	[99471580]
876_14123	chr7	105283845	105284245	+	612	35.5	[]	[]	[7.5891633]	[122]	[]	[105284021]
876_1413	chr6	98416776	98417176	+	1000	116.5	[12.570299]	[94]	[]	[]	[98416967]	[]
876_14130	chr7	113014992	113015392	+	804	35.5	[9.252844]	[85]	[]	[]	[113015158]	[]
876_14133	chr7	120986725	120987125	+	798	35.5	[]	[]	[7.553737]	[112]	[]	[120986909]
876_14145	chr7	150356550	150356950	+	712	35.5	[7.677661]	[155]	[]	[]	[150356801]	[]
876_14148	chr8	42571367	42571767	+	690	35.5	[8.361351]	[194]	[]	[]	[42571609]	[]
876_14149	chr8	54106010	54106410	+	785	35.5	[8.84223]	[115]	[9.53014]	[105]	[54106205]	[54106195]
876_14152	chr8	96928435	96928835	+	813	35.5	[12.570299]	[110]	[8.264141, 8.182752]	[74, 125]	[96928634]	[96928598, 96928649]
876_14156	chr9	19221385	19221785	+	681	35.5	[9.53014]	[99]	[]	[]	[19221561]	[]
876_14159	chr9	107675806	107676206	+	562	35.5	[]	[]	[9.53014]	[166]	[]	[107676011]
876_14165	chr9	132324359	132324759	+	788	35.5	[10.2047415]	[97]	[]	[]	[132324553]	[]
876_14167	chrUn_GL000219v1	106358	106758	+	684	35.5	[]	[]	[9.53014]	[178]	[]	[106571]
876_14177	chr1	31422813	31423213	+	777	35.0	[]	[]	[9.53014]	[64]	[]	[31422975]
876_14178	chr1	31787696	31788096	+	652	35.0	[]	[]	[12.570299]	[146]	[]	[31787917]
876_14186	chr1	74222724	74223124	+	755	35.0	[8.361351]	[102]	[9.53014]	[128]	[74222918]	[74222944]
876_1419	chr1	75181233	75181633	+	1000	115.5	[]	[]	[12.570299]	[95]	[]	[75181391]
876_14193	chr1	117363437	117363837	+	787	35.0	[]	[]	[10.2047415]	[186]	[]	[117363682]
876_14194	chr1	117964025	117964425	+	721	35.0	[]	[]	[8.361351]	[213]	[]	[117964276]
876_142	chr7	22708239	22708639	+	1000	359.5	[]	[]	[12.570299]	[85]	[]	[22708424]
876_1420	chr1	225694145	225694545	+	1000	115.5	[8.361351]	[121]	[]	[]	[225694350]	[]
876_14200	chr1	193111784	193112184	+	693	35.0	[]	[]	[7.7748694]	[209]	[]	[193112018]
876_14205	chr1	207128548	207128948	+	554	35.0	[8.182752]	[124]	[]	[]	[207128758]	[]
876_1421	chr10	11602877	11603277	+	1000	115.5	[]	[]	[12.570299]	[95]	[]	[11603057]
876_14212	chr1	218275752	218276152	+	728	35.0	[8.264141, 9.53014]	[52, 136]	[]	[]	[218275904, 218275988]	[]
876_14221	chr1	234937005	234937405	+	773	35.0	[8.361351]	[200]	[]	[]	[234937239]	[]
876_14227	chr10	15483319	15483719	+	717	35.0	[8.009179, 9.252844]	[142, 184]	[]	[]	[15483516, 15483558]	[]
876_14229	chr10	36400255	36400655	+	776	35.0	[12.570299]	[154]	[]	[]	[36400477]	[]
876_1423	chr17	58387837	58388237	+	1000	115.5	[]	[]	[8.361351]	[93]	[]	[58388021]
876_14231	chr10	49186465	49186865	+	764	35.0	[12.570299]	[180]	[]	[]	[49186686]	[]
876_14239	chr10	88256396	88256796	+	775	35.0	[9.53014]	[131]	[]	[]	[88256618]	[]
876_14244	chr11	38192009	38192409	+	544	35.0	[12.570299]	[111]	[]	[]	[38192211]	[]
876_14248	chr11	60169320	60169720	+	663	35.0	[]	[]	[12.570299]	[131]	[]	[60169519]
876_1425	chr2	122051605	122052005	+	1000	115.5	[]	[]	[12.570299]	[110]	[]	[122051772]
876_14250	chr11	75813568	75813968	+	653	35.0	[7.7748694]	[64]	[]	[]	[75813732]	[]
876_14253	chr11	86919575	86919975	+	633	35.0	[]	[]	[8.84223]	[88]	[]	[86919749]
876_14256	chr12	5121772	5122172	+	648	35.0	[]	[]	[12.570299]	[126]	[]	[5121968]
876_14259	chr12	46537958	46538358	+	653	35.0	[]	[]	[12.570299]	[144]	[]	[46538184]
876_14260	chr12	50734656	50735056	+	683	35.0	[12.570299]	[118]	[]	[]	[50734869]	[]
876_14261	chr12	54933401	54933801	+	789	35.0	[]	[]	[8.009179]	[96]	[]	[54933593]
876_14265	chr12	98736759	98737159	+	784	35.0	[10.2047415]	[111]	[]	[]	[98736922]	[]
876_1427	chr6	42198019	42198419	+	1000	115.5	[]	[]	[12.570299]	[116]	[]	[42198217]
876_14279	chr13	90130681	90131081	+	769	35.0	[12.570299]	[99]	[]	[]	[90130855]	[]
876_14283	chr13	90408253	90408653	+	760	35.0	[12.570299]	[109]	[]	[]	[90408409]	[]
876_14284	chr13	90534491	90534891	+	589	35.0	[9.53014]	[220]	[]	[]	[90534715]	[]
876_1429	chr1	181910916	181911316	+	1000	115.0	[12.570299]	[125]	[]	[]	[181911137]	[]
876_14291	chr13	91432123	91432523	+	786	35.0	[]	[]	[8.361351, 8.182752]	[165, 207]	[]	[91432303, 91432345]
876_14294	chr13	91776523	91776923	+	806	35.0	[]	[]	[9.252844]	[199]	[]	[91776771]
876_14298	chr13	92446460	92446860	+	766	35.0	[]	[]	[7.677661]	[136]	[]	[92446638]
876_143	chr7	87040028	87040428	+	1000	359.0	[12.570299]	[109]	[]	[]	[87040226]	[]
876_1430	chr11	9930882	9931282	+	1000	115.0	[12.570299]	[116]	[]	[]	[9931083]	[]
876_1431	chr19	11095097	11095497	+	1000	115.0	[]	[]	[9.252844, 9.252844]	[71, 96]	[]	[11095266, 11095291]
876_14314	chr16	1331698	1332098	+	783	35.0	[]	[]	[12.570299]	[101]	[]	[1331884]
876_1432	chr19	55217229	55217629	+	1000	115.0	[10.2047415]	[127]	[]	[]	[55217446]	[]
876_14324	chr17	58903295	58903695	+	712	35.0	[10.2047415]	[142]	[7.578352]	[165]	[58903520]	[58903543]
876_14329	chr18	23487874	23488274	+	695	35.0	[8.84223, 8.264141]	[93, 150]	[]	[]	[23488037, 23488094]	[]
876_14330	chr18	32122035	32122435	+	764	35.0	[9.252844]	[170]	[9.252844]	[167]	[32122285]	[32122282]
876_14332	chr18	58013424	58013824	+	592	35.0	[10.2047415, 8.361351]	[113, 140]	[]	[]	[58013631, 58013658]	[]
876_14334	chr19	1897523	1897923	+	801	35.0	[12.570299]	[118]	[]	[]	[1897737]	[]
876_14347	chr2	10410167	10410567	+	776	35.0	[8.182752]	[59]	[12.570299]	[130]	[10410325]	[10410396]
876_14351	chr2	68352848	68353248	+	799	35.0	[8.264141]	[167]	[]	[]	[68353087]	[]
876_14359	chr2	171511872	171512272	+	750	35.0	[10.2047415]	[132]	[]	[]	[171512101]	[]
876_1436	chr10	60956140	60956540	+	1000	114.5	[10.2047415]	[110]	[]	[]	[60956348]	[]
876_14362	chr2	190182006	190182406	+	552	35.0	[]	[]	[12.570299]	[127]	[]	[190182211]
876_14363	chr2	191624961	191625361	+	639	35.0	[12.570299]	[163]	[]	[]	[191625187]	[]
876_14364	chr2	195756178	195756578	+	721	35.0	[]	[]	[12.570299]	[112]	[]	[195756379]
876_14367	chr2	240562964	240563364	+	807	35.0	[12.570299]	[135]	[]	[]	[240563174]	[]
876_14372	chr20	49867318	49867718	+	769	35.0	[]	[]	[10.2047415]	[112]	[]	[49867529]
876_14375	chr21	14653244	14653644	+	784	35.0	[]	[]	[9.252844, 7.578352]	[123, 146]	[]	[14653459, 14653482]
876_14377	chr21	36298080	36298480	+	682	35.0	[8.84223]	[159]	[]	[]	[36298306]	[]
876_14381	chr22	17024338	17024738	+	709	35.0	[12.570299]	[155]	[]	[]	[17024566]	[]
876_14382	chr22	19361851	19362251	+	617	35.0	[8.84223, 9.53014]	[109, 199]	[]	[]	[19362010, 19362100]	[]
876_14385	chr22	19651636	19652036	+	748	35.0	[9.53014]	[167]	[]	[]	[19651839]	[]
876_1439	chr16	4272869	4273269	+	1000	114.5	[12.570299]	[141]	[]	[]	[4273097]	[]
876_14396	chr22	21083175	21083575	+	705	35.0	[]	[]	[9.53014]	[67]	[]	[21083333]
876_144	chr7	101352269	101352669	+	1000	359.0	[]	[]	[10.2047415, 10.2047415]	[104, 131]	[]	[101352465, 101352492]
876_1440	chr2	48707474	48707874	+	1000	114.5	[]	[]	[12.570299]	[109]	[]	[48707672]
876_14405	chr22	26295518	26295918	+	761	35.0	[]	[]	[8.361351]	[130]	[]	[26295745]
876_14406	chr22	29538235	29538635	+	696	35.0	[]	[]	[12.570299]	[80]	[]	[29538402]
876_14409	chr3	4687249	4687649	+	667	35.0	[12.570299]	[119]	[]	[]	[4687409]	[]
876_1441	chr6	104671232	104671632	+	1000	114.5	[12.570299]	[132]	[]	[]	[104671446]	[]
876_14410	chr3	5573985	5574385	+	795	35.0	[12.570299]	[142]	[]	[]	[5574212]	[]
876_14413	chr3	14272681	14273081	+	749	35.0	[7.676677]	[133]	[]	[]	[14272895]	[]
876_14417	chr3	33636255	33636655	+	762	35.0	[8.182752]	[180]	[]	[]	[33636495]	[]
876_14418	chr3	33798073	33798473	+	743	35.0	[8.361351, 9.53014]	[88, 103]	[]	[]	[33798257, 33798272]	[]
876_14419	chr3	36453696	36454096	+	568	35.0	[12.570299]	[62]	[]	[]	[36453854]	[]
876_1442	chr7	26629641	26630041	+	1000	114.5	[9.53014]	[141]	[7.676677]	[127]	[26629879]	[26629865]
876_14421	chr3	37038612	37039012	+	785	35.0	[]	[]	[10.2047415]	[105]	[]	[37038802]
876_14424	chr3	94745723	94746123	+	676	35.0	[12.570299]	[145]	[]	[]	[94745937]	[]
876_14426	chr3	101802080	101802480	+	570	35.0	[]	[]	[12.570299]	[102]	[]	[101802273]
876_14427	chr3	112134787	112135187	+	793	35.0	[]	[]	[8.361351]	[159]	[]	[112134977]
876_14428	chr3	118938490	118938890	+	778	35.0	[]	[]	[10.2047415]	[87]	[]	[118938668]
876_14432	chr3	171808479	171808879	+	804	35.0	[12.570299]	[118]	[]	[]	[171808653]	[]
876_1444	chrX	44253264	44253664	+	1000	114.5	[12.570299]	[136]	[]	[]	[44253490]	[]
876_14441	chr4	68367820	68368220	+	770	35.0	[]	[]	[8.361351, 8.009179]	[137, 163]	[]	[68368037, 68368063]
876_14447	chr5	414396	414796	+	774	35.0	[12.570299]	[144]	[]	[]	[414604]	[]
876_14451	chr5	21107694	21108094	+	734	35.0	[12.570299]	[87]	[]	[]	[21107880]	[]
876_14454	chr5	75567630	75568030	+	553	35.0	[8.182752]	[226]	[]	[]	[75567870]	[]
876_14458	chr5	150567030	150567430	+	768	35.0	[]	[]	[8.361351]	[118]	[]	[150567239]
876_1446	chr3	24376083	24376483	+	1000	114.0	[]	[]	[12.570299]	[105]	[]	[24376285]
876_14460	chr5	179622512	179622912	+	730	35.0	[8.009179]	[245]	[]	[]	[179622761]	[]
876_1447	chr3	158839934	158840334	+	1000	114.0	[8.361351]	[116]	[]	[]	[158840139]	[]
876_14475	chr6	37311933	37312333	+	770	35.0	[9.53014]	[167]	[7.764176]	[206]	[37312139]	[37312178]
876_14476	chr6	38796446	38796846	+	692	35.0	[]	[]	[7.5891633]	[156]	[]	[38796661]
876_1448	chr3	178370377	178370777	+	1000	114.0	[12.570299]	[109]	[8.009179]	[152]	[178370572]	[178370615]
876_14483	chr6	75852639	75853039	+	761	35.0	[10.2047415, 8.264141]	[152, 190]	[9.252844]	[110]	[75852852, 75852890]	[75852810]
876_14485	chr6	109511802	109512202	+	545	35.0	[10.2047415]	[144]	[]	[]	[109512031]	[]
876_14486	chr6	111624566	111624966	+	784	35.0	[10.2047415]	[134]	[]	[]	[111624793]	[]
876_14488	chr6	133783348	133783748	+	797	35.0	[]	[]	[12.570299, 10.2047415, 12.570299]	[108, 142, 176]	[]	[133783508, 133783542, 133783576]
876_1449	chr6	27129421	27129821	+	1000	114.0	[12.570299]	[127]	[]	[]	[27129631]	[]
876_14497	chr6	163731167	163731567	+	785	35.0	[9.53014]	[127]	[]	[]	[163731356]	[]
876_14499	chr7	24924389	24924789	+	761	35.0	[12.570299]	[124]	[]	[]	[24924576]	[]
876_145	chr7	128237025	128237425	+	1000	357.5	[12.570299]	[128]	[]	[]	[128237238]	[]
876_1450	chr6	116450615	116451015	+	1000	114.0	[12.570299]	[140]	[]	[]	[116450835]	[]
876_14502	chr7	42705724	42706124	+	736	35.0	[8.361351]	[159]	[]	[]	[42705919]	[]
876_14505	chr7	81327479	81327879	+	595	35.0	[]	[]	[9.252844]	[167]	[]	[81327708]
876_14509	chr7	102748374	102748774	+	789	35.0	[]	[]	[8.361351]	[63]	[]	[102748536]
876_1451	chr6	160685108	160685508	+	1000	114.0	[]	[]	[12.570299]	[104]	[]	[160685276]
876_14511	chr7	106563487	106563887	+	802	35.0	[]	[]	[9.53014]	[184]	[]	[106563704]
876_14513	chr7	106772652	106773052	+	687	35.0	[8.84223]	[191]	[]	[]	[106772880]	[]
876_14516	chr7	111530038	111530438	+	623	35.0	[8.009179]	[118]	[12.570299]	[99]	[111530250]	[111530231]
876_14525	chr7	142833131	142833531	+	771	35.0	[8.009179, 8.264141]	[91, 174]	[]	[]	[142833298, 142833381]	[]
876_1453	chr7	123798003	123798403	+	1000	114.0	[]	[]	[8.84223]	[134]	[]	[123798210]
876_14530	chr8	29314447	29314847	+	771	35.0	[9.252844, 8.361351]	[128, 200]	[]	[]	[29314603, 29314675]	[]
876_14531	chr8	39852729	39853129	+	710	35.0	[12.570299]	[123]	[]	[]	[39852916]	[]
876_14532	chr8	47872712	47873112	+	699	35.0	[8.361351]	[96]	[12.570299]	[152]	[47872895]	[47872951]
876_14533	chr8	66667708	66668108	+	755	35.0	[]	[]	[8.264141]	[95]	[]	[66667878]
876_14534	chr8	67068586	67068986	+	793	35.0	[8.361351]	[90]	[]	[]	[67068775]	[]
876_14535	chr8	93672738	93673138	+	693	35.0	[12.570299, 10.2047415]	[151, 208]	[]	[]	[93672909, 93672966]	[]
876_14536	chr8	96829838	96830238	+	741	35.0	[9.53014]	[84]	[]	[]	[96829998]	[]
876_14538	chr8	97973128	97973528	+	728	35.0	[9.252844]	[95]	[9.252844]	[92]	[97973316]	[97973313]
876_14540	chr9	6063135	6063535	+	770	35.0	[]	[]	[12.570299]	[135]	[]	[6063326]
876_14550	chrUn_GL000195v1	69294	69694	+	671	35.0	[12.570299]	[164]	[]	[]	[69464]	[]
876_14554	chrX	11755779	11756179	+	754	35.0	[]	[]	[10.2047415]	[108]	[]	[11755982]
876_14555	chrX	44299162	44299562	+	591	35.0	[8.361351]	[70]	[]	[]	[44299330]	[]
876_14556	chrX	102837856	102838256	+	796	35.0	[]	[]	[9.252844, 9.252844]	[81, 122]	[]	[102838014, 102838055]
876_14557	chrX	129859131	129859531	+	769	35.0	[]	[]	[12.570299]	[133]	[]	[129859317]
876_14558	chrX	136574472	136574872	+	695	35.0	[8.361351]	[107]	[]	[]	[136574674]	[]
876_1456	chr2	224485268	224485668	+	1000	113.5	[12.570299]	[137]	[]	[]	[224485490]	[]
876_14560	chr1	19596202	19596602	+	540	34.5	[8.84223]	[122]	[]	[]	[19596387]	[]
876_14567	chr1	32933706	32934106	+	606	34.5	[8.264141]	[127]	[]	[]	[32933863]	[]
876_14568	chr1	41238269	41238669	+	782	34.5	[7.7748694]	[114]	[8.84223]	[143]	[41238425]	[41238454]
876_1457	chr3	185268415	185268815	+	1000	113.5	[12.570299, 8.009179]	[104, 147]	[]	[]	[185268617, 185268660]	[]
876_14570	chr1	49935067	49935467	+	631	34.5	[9.53014]	[182]	[]	[]	[49935313]	[]
876_14572	chr1	52814517	52814917	+	740	34.5	[10.2047415]	[93]	[]	[]	[52814699]	[]
876_14573	chr1	67162840	67163240	+	694	34.5	[8.361351]	[106]	[]	[]	[67163031]	[]
876_14575	chr1	104057207	104057607	+	580	34.5	[12.570299]	[164]	[]	[]	[104057442]	[]
876_14577	chr1	109942537	109942937	+	666	34.5	[10.2047415]	[161]	[7.7748694]	[227]	[109942719]	[109942785]
876_14578	chr1	113041563	113041963	+	675	34.5	[9.53014]	[112]	[]	[]	[113041739]	[]
876_1458	chr4	110106952	110107352	+	1000	113.5	[]	[]	[10.2047415]	[109]	[]	[110107155]
876_14586	chr1	167861951	167862351	+	730	34.5	[]	[]	[8.361351]	[181]	[]	[167862181]
876_1459	chr5	39167244	39167644	+	1000	113.5	[]	[]	[9.53014, 12.570299]	[131, 159]	[]	[39167434, 39167462]
876_14590	chr1	174258025	174258425	+	718	34.5	[12.570299]	[129]	[8.84223]	[114]	[174258224]	[174258209]
876_14593	chr1	180365536	180365936	+	683	34.5	[9.53014, 7.677661]	[117, 136]	[12.570299, 7.677661]	[63, 135]	[180365745, 180365764]	[180365691, 180365763]
876_14598	chr1	211710824	211711224	+	753	34.5	[8.361351]	[106]	[12.570299, 8.182752]	[90, 167]	[211710997]	[211710981, 211711058]
876_14599	chr1	221731099	221731499	+	576	34.5	[]	[]	[12.570299]	[126]	[]	[221731312]
876_146	chr6	130513750	130514150	+	1000	352.0	[12.570299]	[151]	[]	[]	[130513982]	[]
876_1460	chr6	119324745	119325145	+	1000	113.5	[7.677661]	[90]	[7.677661]	[89]	[119324925]	[119324924]
876_14605	chr10	1048945	1049345	+	725	34.5	[8.361351]	[135]	[]	[]	[1049154]	[]
876_14609	chr10	50578378	50578778	+	751	34.5	[7.764176]	[105]	[]	[]	[50578559]	[]
876_1461	chr6	158853355	158853755	+	1000	113.5	[10.2047415]	[112]	[]	[]	[158853557]	[]
876_14610	chr10	59613569	59613969	+	741	34.5	[]	[]	[9.252844]	[126]	[]	[59613792]
876_14612	chr10	69090105	69090505	+	693	34.5	[]	[]	[9.53014]	[80]	[]	[69090276]
876_14613	chr10	70843068	70843468	+	765	34.5	[8.264141]	[187]	[]	[]	[70843308]	[]
876_14618	chr10	78805213	78805613	+	724	34.5	[12.570299]	[144]	[]	[]	[78805438]	[]
876_1462	chr8	93551896	93552296	+	1000	113.5	[]	[]	[8.361351]	[133]	[]	[93552123]
876_14624	chr11	12683825	12684225	+	766	34.5	[10.2047415]	[74]	[]	[]	[12683998]	[]
876_14626	chr11	36329226	36329626	+	714	34.5	[]	[]	[10.2047415]	[111]	[]	[36329429]
876_14627	chr11	59961685	59962085	+	765	34.5	[8.182752]	[95]	[]	[]	[59961878]	[]
876_14632	chr11	96302935	96303335	+	750	34.5	[8.361351]	[180]	[]	[]	[96303130]	[]
876_14633	chr11	112024274	112024674	+	695	34.5	[]	[]	[10.2047415]	[176]	[]	[112024513]
876_14643	chr12	70709280	70709680	+	743	34.5	[8.361351, 8.264141]	[78, 159]	[]	[]	[70709435, 70709516]	[]
876_14645	chr12	76274766	76275166	+	741	34.5	[8.361351, 7.578352]	[115, 153]	[]	[]	[76274952, 76274990]	[]
876_14646	chr12	93662999	93663399	+	671	34.5	[12.570299]	[85]	[8.361351]	[116]	[93663166]	[93663197]
876_14649	chr12	113781809	113782209	+	748	34.5	[10.2047415]	[92]	[12.570299]	[127]	[113781977]	[113782012]
876_14651	chr13	17752012	17752412	+	770	34.5	[10.2047415]	[145]	[]	[]	[17752256]	[]
876_14652	chr13	19982615	19983015	+	763	34.5	[]	[]	[12.570299]	[111]	[]	[19982804]
876_14654	chr13	49444797	49445197	+	689	34.5	[10.2047415]	[185]	[]	[]	[49445036]	[]
876_14656	chr13	80653606	80654006	+	587	34.5	[]	[]	[8.84223]	[115]	[]	[80653767]
876_1466	chr15	72473542	72473942	+	1000	113.0	[]	[]	[12.570299, 8.182752]	[57, 66]	[]	[72473696, 72473705]
876_14660	chr13	90352451	90352851	+	743	34.5	[8.264141]	[132]	[]	[]	[90352675]	[]
876_14663	chr13	90596189	90596589	+	754	34.5	[7.676677]	[116]	[]	[]	[90596395]	[]
876_14664	chr13	90718502	90718902	+	740	34.5	[8.361351]	[96]	[]	[]	[90718661]	[]
876_14672	chr13	92360128	92360528	+	669	34.5	[9.53014]	[221]	[]	[]	[92360353]	[]
876_14676	chr13	92612773	92613173	+	747	34.5	[8.84223]	[112]	[]	[]	[92612931]	[]
876_1468	chr20	829002	829402	+	1000	113.0	[8.361351]	[84]	[]	[]	[829183]	[]
876_14680	chr13	107856046	107856446	+	717	34.5	[7.677661]	[106]	[7.677661]	[105]	[107856221]	[107856220]
876_14684	chr14	22332982	22333382	+	701	34.5	[9.252844]	[86]	[]	[]	[22333167]	[]
876_14687	chr14	77606157	77606557	+	686	34.5	[]	[]	[9.252844]	[147]	[]	[77606400]
876_14691	chr15	48555404	48555804	+	712	34.5	[]	[]	[9.53014]	[174]	[]	[48555652]
876_14693	chr15	58079773	58080173	+	731	34.5	[12.570299]	[99]	[7.676677, 7.7748694]	[87, 159]	[58079946]	[58079934, 58080006]
876_14695	chr15	75591994	75592394	+	719	34.5	[]	[]	[12.570299]	[113]	[]	[75592175]
876_14696	chr15	75776816	75777216	+	620	34.5	[]	[]	[12.570299]	[148]	[]	[75777058]
876_1470	chr6	26502146	26502546	+	1000	113.0	[]	[]	[9.252844]	[132]	[]	[26502374]
876_14704	chr16	67857846	67858246	+	730	34.5	[12.570299]	[170]	[]	[]	[67858074]	[]
876_14705	chr16	87379205	87379605	+	718	34.5	[8.84223]	[133]	[12.570299, 8.361351]	[144, 154]	[87379409]	[87379420, 87379430]
876_14707	chr17	36885216	36885616	+	661	34.5	[]	[]	[9.252844]	[97]	[]	[36885400]
876_1471	chr8	85839309	85839709	+	1000	113.0	[]	[]	[12.570299, 7.764176]	[91, 123]	[]	[85839483, 85839515]
876_14712	chr18	1509125	1509525	+	730	34.5	[]	[]	[10.2047415, 9.53014]	[94, 145]	[]	[1509310, 1509361]
876_14716	chr19	12757405	12757805	+	571	34.5	[8.361351]	[149]	[]	[]	[12757603]	[]
876_14720	chr19	33176817	33177217	+	739	34.5	[10.2047415]	[146]	[]	[]	[33177013]	[]
876_14721	chr19	38799666	38800066	+	688	34.5	[12.570299]	[139]	[]	[]	[38799901]	[]
876_14724	chr2	6866436	6866836	+	747	34.5	[]	[]	[12.570299]	[148]	[]	[6866681]
876_14725	chr2	9812466	9812866	+	735	34.5	[]	[]	[12.570299]	[136]	[]	[9812649]
876_14726	chr2	14848348	14848748	+	620	34.5	[12.570299]	[92]	[]	[]	[14848532]	[]
876_14729	chr2	37675119	37675519	+	745	34.5	[]	[]	[10.2047415]	[160]	[]	[37675290]
876_14742	chr2	135094515	135094915	+	756	34.5	[]	[]	[12.570299]	[72]	[]	[135094685]
876_14744	chr2	152155262	152155662	+	591	34.5	[]	[]	[12.570299]	[152]	[]	[152155504]
876_14746	chr2	156430263	156430663	+	651	34.5	[12.570299]	[102]	[]	[]	[156430431]	[]
876_14748	chr2	170455608	170456008	+	744	34.5	[]	[]	[9.53014]	[152]	[]	[170455803]
876_14749	chr2	173970569	173970969	+	553	34.5	[10.2047415]	[109]	[]	[]	[173970753]	[]
876_1475	chr11	102621096	102621496	+	1000	112.5	[]	[]	[12.570299]	[108]	[]	[102621299]
876_14753	chr2	200889771	200890171	+	671	34.5	[10.2047415]	[106]	[]	[]	[200889963]	[]
876_14754	chr2	222777414	222777814	+	594	34.5	[12.570299]	[90]	[9.53014]	[126]	[222777582]	[222777618]
876_14756	chr20	1190888	1191288	+	585	34.5	[]	[]	[7.578352]	[183]	[]	[1191078]
876_1476	chr2	68357901	68358301	+	1000	112.5	[12.570299, 7.553737]	[93, 116]	[]	[]	[68358084, 68358107]	[]
876_14760	chr20	49812218	49812618	+	729	34.5	[]	[]	[12.570299]	[96]	[]	[49812399]
876_14773	chr22	20397333	20397733	+	567	34.5	[7.578352]	[211]	[]	[]	[20397562]	[]
876_14775	chr22	20667022	20667422	+	675	34.5	[]	[]	[8.264141]	[116]	[]	[20667226]
876_14777	chr22	20835069	20835469	+	726	34.5	[]	[]	[10.2047415]	[192]	[]	[20835313]
876_1478	chr4	173608537	173608937	+	1000	112.5	[]	[]	[12.570299]	[106]	[]	[173608738]
876_14782	chr22	21940472	21940872	+	665	34.5	[]	[]	[8.84223]	[162]	[]	[21940681]
876_14785	chr22	22387986	22388386	+	729	34.5	[7.764176]	[101]	[]	[]	[22388140]	[]
876_14786	chr22	22411737	22412137	+	580	34.5	[]	[]	[8.264141]	[130]	[]	[22411967]
876_14799	chr3	8355313	8355713	+	739	34.5	[]	[]	[7.5891633]	[139]	[]	[8355511]
876_1480	chr6	27230338	27230738	+	1000	112.5	[9.252844]	[102]	[]	[]	[27230540]	[]
876_14802	chr3	24174624	24175024	+	673	34.5	[7.676677]	[81]	[]	[]	[24174804]	[]
876_14807	chr3	126591491	126591891	+	759	34.5	[]	[]	[12.570299]	[109]	[]	[126591657]
876_14809	chr3	135650689	135651089	+	581	34.5	[]	[]	[12.570299]	[114]	[]	[135650893]
876_14815	chr3	171446712	171447112	+	717	34.5	[12.570299]	[97]	[]	[]	[171446902]	[]
876_1482	chr6	57069935	57070335	+	1000	112.5	[]	[]	[8.361351]	[130]	[]	[57070151]
876_14828	chr4	109764155	109764555	+	703	34.5	[12.570299]	[130]	[]	[]	[109764374]	[]
876_14832	chr4	172956268	172956668	+	645	34.5	[]	[]	[10.2047415]	[101]	[]	[172956462]
876_14833	chr5	10016496	10016896	+	618	34.5	[]	[]	[12.570299]	[112]	[]	[10016705]
876_14837	chr5	80738473	80738873	+	676	34.5	[]	[]	[8.361351]	[105]	[]	[80738656]
876_14839	chr5	108549103	108549503	+	724	34.5	[]	[]	[7.578352]	[98]	[]	[108549278]
876_1484	chr7	87599229	87599629	+	1000	112.5	[]	[]	[12.570299]	[87]	[]	[87599414]
876_14843	chr5	132666662	132667062	+	715	34.5	[8.361351]	[123]	[]	[]	[132666878]	[]
876_14844	chr5	134245331	134245731	+	727	34.5	[]	[]	[12.570299]	[103]	[]	[134245514]
876_14845	chr5	134249847	134250247	+	706	34.5	[]	[]	[7.764176]	[186]	[]	[134250074]
876_14847	chr5	149430955	149431355	+	739	34.5	[8.264141]	[175]	[]	[]	[149431146]	[]
876_14851	chr5	170306453	170306853	+	756	34.5	[12.570299]	[189]	[]	[]	[170306669]	[]
876_14852	chr6	2926358	2926758	+	756	34.5	[7.764176]	[142]	[]	[]	[2926586]	[]
876_1486	chr1	28172693	28173093	+	1000	112.0	[7.7748694, 12.570299]	[100, 144]	[]	[]	[28172884, 28172928]	[]
876_14861	chr6	25997123	25997523	+	694	34.5	[]	[]	[7.7748694, 10.2047415, 8.84223]	[85, 108, 154]	[]	[25997292, 25997315, 25997361]
876_14863	chr6	27149898	27150298	+	743	34.5	[]	[]	[8.009179]	[132]	[]	[27150124]
876_14867	chr6	28613565	28613965	+	548	34.5	[]	[]	[9.53014]	[143]	[]	[28613764]
876_1487	chr1	169926112	169926512	+	1000	112.0	[]	[]	[9.53014, 8.009179]	[102, 134]	[]	[169926306, 169926338]
876_14870	chr6	31750479	31750879	+	750	34.5	[]	[]	[10.2047415]	[150]	[]	[31750645]
876_14872	chr6	35304386	35304786	+	767	34.5	[12.570299]	[148]	[]	[]	[35304543]	[]
876_14876	chr6	43809324	43809724	+	728	34.5	[]	[]	[9.53014]	[114]	[]	[43809507]
876_1488	chr1	181160321	181160721	+	1000	112.0	[]	[]	[12.570299, 8.361351]	[74, 169]	[]	[181160477, 181160572]
876_14885	chr6	108684538	108684938	+	623	34.5	[10.2047415]	[115]	[]	[]	[108684744]	[]
876_14886	chr6	110816826	110817226	+	758	34.5	[]	[]	[7.764176]	[82]	[]	[110817002]
876_14887	chr6	113018657	113019057	+	739	34.5	[]	[]	[7.5891633]	[156]	[]	[113018879]
876_14888	chr6	134016017	134016417	+	623	34.5	[]	[]	[8.361351]	[155]	[]	[134016235]
876_14889	chr6	134420584	134420984	+	759	34.5	[12.570299]	[106]	[]	[]	[134420775]	[]
876_14890	chr6	136282107	136282507	+	546	34.5	[]	[]	[12.570299, 9.53014]	[75, 145]	[]	[136282282, 136282352]
876_14892	chr6	136886153	136886553	+	760	34.5	[]	[]	[10.2047415]	[113]	[]	[136886360]
876_14893	chr6	139447949	139448349	+	720	34.5	[7.578352]	[185]	[]	[]	[139448159]	[]
876_1490	chr13	24419666	24420066	+	1000	112.0	[12.570299]	[96]	[]	[]	[24419852]	[]
876_14900	chr7	22758333	22758733	+	639	34.5	[8.84223]	[150]	[]	[]	[22758558]	[]
876_14904	chr7	67716788	67717188	+	618	34.5	[]	[]	[12.570299]	[120]	[]	[67717002]
876_14911	chr7	105787717	105788117	+	767	34.5	[]	[]	[9.53014]	[153]	[]	[105787954]
876_14915	chr7	127348454	127348854	+	677	34.5	[9.252844]	[111]	[7.677661, 9.252844]	[88, 108]	[127348641]	[127348618, 127348638]
876_14918	chr7	134658173	134658573	+	556	34.5	[]	[]	[12.570299]	[165]	[]	[134658405]
876_1492	chr3	194386594	194386994	+	1000	112.0	[]	[]	[12.570299]	[99]	[]	[194386782]
876_14924	chr7	150420716	150421116	+	765	34.5	[7.676677]	[89]	[]	[]	[150420883]	[]
876_14927	chr8	22900719	22901119	+	783	34.5	[]	[]	[10.2047415]	[74]	[]	[22900874]
876_1493	chr4	48740700	48741100	+	1000	112.0	[]	[]	[10.2047415]	[108]	[]	[48740901]
876_14931	chr8	80103084	80103484	+	652	34.5	[12.570299, 8.264141]	[111, 118]	[]	[]	[80103275, 80103282]	[]
876_14932	chr8	90000606	90001006	+	742	34.5	[8.361351]	[139]	[]	[]	[90000818]	[]
876_14935	chr8	101031672	101032072	+	724	34.5	[]	[]	[12.570299]	[122]	[]	[101031881]
876_14936	chr8	102585060	102585460	+	633	34.5	[7.553737]	[218]	[]	[]	[102585299]	[]
876_14938	chr8	116635288	116635688	+	566	34.5	[12.570299]	[144]	[]	[]	[116635509]	[]
876_14939	chr9	63980026	63980426	+	767	34.5	[12.570299]	[122]	[]	[]	[63980230]	[]
876_14941	chr9	94212066	94212466	+	541	34.5	[]	[]	[7.676677]	[144]	[]	[94212300]
876_14947	chr9	121372424	121372824	+	711	34.5	[9.252844]	[156]	[]	[]	[121372659]	[]
876_14953	chr1	7960136	7960536	+	588	34.0	[]	[]	[7.578352]	[149]	[]	[7960377]
876_1496	chr1	15620258	15620658	+	1000	111.5	[]	[]	[12.570299, 8.84223, 12.570299]	[56, 135, 152]	[]	[15620409, 15620488, 15620505]
876_14964	chr1	28554233	28554633	+	555	34.0	[]	[]	[8.264141]	[170]	[]	[28554464]
876_14965	chr1	31866437	31866837	+	704	34.0	[]	[]	[7.553737]	[105]	[]	[31866621]
876_14969	chr1	43836066	43836466	+	739	34.0	[]	[]	[12.570299]	[100]	[]	[43836242]
876_14971	chr1	55211458	55211858	+	594	34.0	[12.570299]	[143]	[]	[]	[55211682]	[]
876_14974	chr1	89672171	89672571	+	683	34.0	[]	[]	[12.570299]	[102]	[]	[89672350]
876_14976	chr1	113860798	113861198	+	738	34.0	[]	[]	[8.182752]	[99]	[]	[113860987]
876_14978	chr1	117051105	117051505	+	594	34.0	[9.53014, 8.361351]	[164, 172]	[]	[]	[117051327, 117051335]	[]
876_14981	chr1	124283245	124283645	+	560	34.0	[12.570299]	[136]	[9.53014]	[146]	[124283468]	[124283478]
876_14987	chr1	174913246	174913646	+	722	34.0	[]	[]	[9.252844]	[120]	[]	[174913428]
876_14988	chr1	196152059	196152459	+	740	34.0	[]	[]	[8.361351]	[116]	[]	[196152268]
876_14991	chr1	205270794	205271194	+	724	34.0	[10.2047415]	[86]	[9.53014]	[164]	[205270953]	[205271031]
876_14993	chr1	207646809	207647209	+	611	34.0	[]	[]	[7.7748694, 12.570299]	[154, 165]	[]	[207647007, 207647018]
876_14994	chr1	207747453	207747853	+	733	34.0	[]	[]	[7.677661]	[174]	[]	[207747671]
876_14995	chr1	210208581	210208981	+	700	34.0	[9.53014]	[153]	[]	[]	[210208808]	[]
876_15003	chr1	246200422	246200822	+	677	34.0	[9.252844, 7.676677, 9.252844]	[163, 206, 225]	[]	[]	[246200592, 246200635, 246200654]	[]
876_15004	chr10	22460640	22461040	+	725	34.0	[8.361351]	[196]	[]	[]	[22460854]	[]
876_15007	chr10	60964420	60964820	+	691	34.0	[8.84223]	[107]	[8.182752]	[171]	[60964591]	[60964655]
876_15010	chr10	68047333	68047733	+	734	34.0	[12.570299]	[83]	[]	[]	[68047497]	[]
876_15012	chr10	102503462	102503862	+	710	34.0	[]	[]	[8.84223]	[105]	[]	[102503660]
876_15018	chr11	57710889	57711289	+	752	34.0	[]	[]	[12.570299]	[110]	[]	[57711049]
876_1502	chr6	83434457	83434857	+	1000	111.5	[12.570299]	[117]	[10.2047415]	[105]	[83434667]	[83434655]
876_15028	chr12	25489003	25489403	+	553	34.0	[]	[]	[12.570299]	[99]	[]	[25489180]
876_15032	chr12	74820334	74820734	+	687	34.0	[]	[]	[12.570299]	[104]	[]	[74820537]
876_15049	chr13	90341473	90341873	+	706	34.0	[9.53014]	[91]	[]	[]	[90341661]	[]
876_1505	chr1	154590794	154591194	+	1000	111.0	[9.53014, 10.2047415, 12.570299]	[81, 104, 146]	[]	[]	[154590959, 154590982, 154591024]	[]
876_15050	chr13	90391004	90391404	+	709	34.0	[10.2047415]	[110]	[]	[]	[90391191]	[]
876_15051	chr13	90396066	90396466	+	717	34.0	[8.84223]	[140]	[]	[]	[90396269]	[]
876_15066	chr13	92320933	92321333	+	704	34.0	[7.676677]	[145]	[7.578352]	[167]	[92321154]	[92321176]
876_15068	chr13	92429586	92429986	+	723	34.0	[7.5891633]	[178]	[7.7748694]	[215]	[92429798]	[92429835]
876_15069	chr13	92536419	92536819	+	573	34.0	[]	[]	[9.53014]	[143]	[]	[92536621]
876_1507	chr13	25394706	25395106	+	1000	111.0	[]	[]	[10.2047415]	[122]	[]	[25394920]
876_15075	chr14	71103863	71104263	+	716	34.0	[9.252844]	[143]	[7.5891633, 8.264141]	[91, 105]	[71104078]	[71104026, 71104040]
876_15076	chr14	72826069	72826469	+	669	34.0	[12.570299]	[148]	[]	[]	[72826298]	[]
876_15078	chr14	77406749	77407149	+	744	34.0	[]	[]	[12.570299]	[94]	[]	[77406942]
876_15079	chr14	88029565	88029965	+	722	34.0	[]	[]	[8.361351]	[155]	[]	[88029799]
876_15080	chr15	42118961	42119361	+	619	34.0	[]	[]	[9.252844]	[113]	[]	[42119160]
876_15085	chr16	79980683	79981083	+	660	34.0	[7.764176]	[58]	[12.570299]	[74]	[79980838]	[79980854]
876_15092	chr17	67882214	67882614	+	580	34.0	[]	[]	[8.264141, 12.570299]	[92, 144]	[]	[67882372, 67882424]
876_15099	chr18	3209763	3210163	+	691	34.0	[10.2047415]	[109]	[]	[]	[3209955]	[]
876_151	chr10	75192065	75192465	+	1000	347.0	[]	[]	[12.570299]	[97]	[]	[75192257]
876_1510	chr5	173853442	173853842	+	1000	111.0	[]	[]	[8.361351]	[102]	[]	[173853643]
876_15105	chr18	9917912	9918312	+	685	34.0	[9.252844]	[70]	[]	[]	[9918073]	[]
876_15106	chr18	9949840	9950240	+	725	34.0	[]	[]	[8.361351]	[97]	[]	[9950034]
876_15108	chr18	35356846	35357246	+	714	34.0	[7.553737, 12.570299]	[85, 98]	[]	[]	[35357027, 35357040]	[]
876_15112	chr19	12330850	12331250	+	582	34.0	[12.570299]	[143]	[]	[]	[12331057]	[]
876_15114	chr19	38080034	38080434	+	600	34.0	[]	[]	[8.361351]	[80]	[]	[38080205]
876_15128	chr2	197613439	197613839	+	601	34.0	[9.53014]	[156]	[9.252844]	[78]	[197613678]	[197613600]
876_1513	chr7	127838014	127838414	+	1000	111.0	[]	[]	[12.570299]	[133]	[]	[127838233]
876_15130	chr2	224400425	224400825	+	672	34.0	[12.570299]	[92]	[]	[]	[224400615]	[]
876_15131	chr2	232301024	232301424	+	670	34.0	[8.361351]	[141]	[12.570299]	[154]	[232301243]	[232301256]
876_15132	chr20	6323578	6323978	+	651	34.0	[10.2047415]	[163]	[12.570299]	[82]	[6323824]	[6323743]
876_15133	chr20	9041111	9041511	+	570	34.0	[]	[]	[12.570299]	[87]	[]	[9041295]
876_1514	chr1	147327158	147327558	+	1000	110.5	[]	[]	[12.570299]	[88]	[]	[147327339]
876_15146	chr22	16579542	16579942	+	710	34.0	[]	[]	[8.361351]	[131]	[]	[16579757]
876_15158	chr22	21848028	21848428	+	696	34.0	[8.84223]	[181]	[]	[]	[21848212]	[]
876_1516	chr15	31405611	31406011	+	1000	110.5	[]	[]	[9.252844]	[105]	[]	[31405814]
876_15160	chr22	22349872	22350272	+	648	34.0	[]	[]	[9.53014, 9.53014]	[100, 170]	[]	[22350047, 22350117]
876_15164	chr22	22452713	22453113	+	704	34.0	[8.264141]	[98]	[]	[]	[22452909]	[]
876_15167	chr22	22560706	22561106	+	687	34.0	[]	[]	[8.361351]	[153]	[]	[22560938]
876_15171	chr3	4973193	4973593	+	608	34.0	[7.5891633]	[74]	[]	[]	[4973344]	[]
876_15173	chr3	33286486	33286886	+	734	34.0	[]	[]	[12.570299]	[145]	[]	[33286710]
876_15177	chr3	65533185	65533585	+	604	34.0	[]	[]	[12.570299]	[147]	[]	[65533406]
876_15178	chr3	72938396	72938796	+	668	34.0	[]	[]	[7.676677]	[152]	[]	[72938584]
876_15180	chr3	132555946	132556346	+	582	34.0	[9.53014]	[118]	[]	[]	[132556149]	[]
876_15184	chr3	182912496	182912896	+	587	34.0	[]	[]	[12.570299]	[92]	[]	[182912687]
876_15186	chr4	24588191	24588591	+	692	34.0	[]	[]	[7.578352]	[208]	[]	[24588416]
876_15187	chr4	26346197	26346597	+	635	34.0	[8.264141]	[146]	[]	[]	[26346420]	[]
876_15189	chr4	79514110	79514510	+	701	34.0	[]	[]	[8.361351]	[152]	[]	[79514317]
876_1519	chr21	45073452	45073852	+	1000	110.5	[12.570299, 10.2047415]	[105, 139]	[]	[]	[45073642, 45073676]	[]
876_15194	chr4	154530318	154530718	+	577	34.0	[8.361351, 8.84223]	[134, 144]	[]	[]	[154530495, 154530505]	[]
876_152	chr22	23218753	23219153	+	1000	347.0	[]	[]	[12.570299]	[97]	[]	[23218950]
876_1520	chr22	20648192	20648592	+	1000	110.5	[]	[]	[12.570299]	[102]	[]	[20648392]
876_15204	chr5	136666699	136667099	+	678	34.0	[]	[]	[8.182752]	[146]	[]	[136666918]
876_1521	chr3	12755714	12756114	+	1000	110.5	[]	[]	[8.361351]	[113]	[]	[12755903]
876_15212	chr6	15018520	15018920	+	626	34.0	[9.53014]	[158]	[]	[]	[15018757]	[]
876_15213	chr6	15386164	15386564	+	735	34.0	[9.252844]	[141]	[8.84223]	[80]	[15386390]	[15386329]
876_1522	chr3	72143263	72143663	+	1000	110.5	[]	[]	[12.570299]	[104]	[]	[72143447]
876_15223	chr6	37148101	37148501	+	619	34.0	[]	[]	[9.252844, 8.009179]	[132, 155]	[]	[37148291, 37148314]
876_1523	chr4	86168339	86168739	+	1000	110.5	[12.570299]	[104]	[]	[]	[86168541]	[]
876_15234	chr6	136647388	136647788	+	590	34.0	[]	[]	[8.84223]	[90]	[]	[136647545]
876_15239	chr6	144687631	144688031	+	737	34.0	[]	[]	[8.361351]	[80]	[]	[144687793]
876_15242	chr6	154744164	154744564	+	670	34.0	[9.252844]	[89]	[9.252844]	[111]	[154744346]	[154744368]
876_15245	chr7	5755674	5756074	+	751	34.0	[8.182752]	[144]	[]	[]	[5755860]	[]
876_15261	chr7	116489681	116490081	+	633	34.0	[7.764176]	[94]	[7.764176]	[93]	[116489863]	[116489862]
876_15263	chr7	118217224	118217624	+	748	34.0	[8.264141]	[154]	[]	[]	[118217466]	[]
876_15266	chr7	123872035	123872435	+	608	34.0	[7.7748694]	[121]	[10.2047415]	[90]	[123872243]	[123872212]
876_15269	chr7	135964843	135965243	+	686	34.0	[]	[]	[10.2047415]	[173]	[]	[135965073]
876_15274	chr7	149145666	149146066	+	709	34.0	[]	[]	[8.361351]	[146]	[]	[149145892]
876_1528	chr11	66351247	66351647	+	1000	110.0	[]	[]	[9.53014]	[71]	[]	[66351400]
876_15283	chr8	96646625	96647025	+	572	34.0	[]	[]	[12.570299]	[173]	[]	[96646847]
876_15285	chr8	125528863	125529263	+	556	34.0	[8.361351]	[82]	[]	[]	[125529036]	[]
876_15287	chr8	130094962	130095362	+	661	34.0	[]	[]	[12.570299]	[96]	[]	[130095152]
876_1529	chr11	68147030	68147430	+	1000	110.0	[8.182752]	[77]	[]	[]	[68147201]	[]
876_15291	chr9	114558312	114558712	+	702	34.0	[]	[]	[12.570299]	[141]	[]	[114558525]
876_15292	chr9	116462409	116462809	+	540	34.0	[]	[]	[8.361351]	[104]	[]	[116462611]
876_15295	chr9	127858947	127859347	+	710	34.0	[]	[]	[12.570299]	[107]	[]	[127859149]
876_1530	chr17	8360282	8360682	+	1000	110.0	[7.7748694, 12.570299]	[94, 114]	[]	[]	[8360468, 8360488]	[]
876_15301	chrX	47796269	47796669	+	662	34.0	[]	[]	[12.570299]	[101]	[]	[47796448]
876_15302	chrX	136847920	136848320	+	625	34.0	[7.764176]	[174]	[]	[]	[136848138]	[]
876_1531	chr17	67110509	67110909	+	1000	110.0	[10.2047415]	[82]	[12.570299]	[119]	[67110688]	[67110725]
876_15310	chr1	27621088	27621488	+	560	33.5	[]	[]	[10.2047415]	[79]	[]	[27621265]
876_15311	chr1	28126956	28127356	+	613	33.5	[7.7748694]	[216]	[]	[]	[28127193]	[]
876_15318	chr1	47508166	47508566	+	699	33.5	[]	[]	[8.361351]	[88]	[]	[47508345]
876_15319	chr1	51234824	51235224	+	688	33.5	[7.677661]	[232]	[]	[]	[51235057]	[]
876_15320	chr1	51669571	51669971	+	637	33.5	[]	[]	[12.570299]	[194]	[]	[51669803]
876_15323	chr1	88679932	88680332	+	595	33.5	[8.361351]	[159]	[8.264141]	[130]	[88680137]	[88680108]
876_15329	chr1	116278844	116279244	+	644	33.5	[]	[]	[12.570299]	[92]	[]	[116279035]
876_1533	chr6	158040127	158040527	+	1000	110.0	[7.677661]	[108]	[7.677661]	[107]	[158040334]	[158040333]
876_15331	chr1	149848766	149849166	+	699	33.5	[]	[]	[8.009179]	[121]	[]	[149848933]
876_15334	chr1	158735556	158735956	+	702	33.5	[]	[]	[7.7748694]	[79]	[]	[158735726]
876_15335	chr1	159006409	159006809	+	669	33.5	[]	[]	[10.2047415]	[144]	[]	[159006646]
876_15336	chr1	161540121	161540521	+	627	33.5	[]	[]	[7.764176]	[74]	[]	[161540274]
876_15340	chr1	182334343	182334743	+	679	33.5	[]	[]	[12.570299]	[238]	[]	[182334592]
876_15341	chr1	184075322	184075722	+	584	33.5	[7.553737, 10.2047415]	[91, 102]	[]	[]	[184075502, 184075513]	[]
876_1536	chr7	108091381	108091781	+	1000	110.0	[]	[]	[12.570299]	[96]	[]	[108091570]
876_15362	chr10	24642961	24643361	+	643	33.5	[]	[]	[10.2047415]	[144]	[]	[24643162]
876_15365	chr10	37995673	37996073	+	702	33.5	[12.570299]	[141]	[]	[]	[37995898]	[]
876_1537	chr9	129969153	129969553	+	1000	110.0	[]	[]	[8.84223]	[99]	[]	[129969319]
876_15371	chr10	72265945	72266345	+	702	33.5	[]	[]	[7.676677]	[129]	[]	[72266171]
876_15376	chr11	17285763	17286163	+	703	33.5	[9.252844]	[73]	[]	[]	[17285933]	[]
876_15377	chr11	19445779	19446179	+	667	33.5	[8.361351]	[139]	[]	[]	[19446004]	[]
876_15380	chr11	45679830	45680230	+	670	33.5	[8.361351]	[84]	[8.182752]	[149]	[45679990]	[45680055]
876_15381	chr11	57395842	57396242	+	705	33.5	[]	[]	[7.764176]	[84]	[]	[57396014]
876_15383	chr11	62544766	62545166	+	636	33.5	[]	[]	[10.2047415]	[148]	[]	[62545007]
876_15393	chr12	49251875	49252275	+	673	33.5	[10.2047415]	[109]	[]	[]	[49252059]	[]
876_15397	chr12	83313789	83314189	+	550	33.5	[7.676677]	[71]	[9.252844]	[117]	[83313950]	[83313996]
876_15399	chr12	98592960	98593360	+	663	33.5	[]	[]	[8.84223]	[169]	[]	[98593193]
876_154	chr3	142850307	142850707	+	1000	346.0	[8.361351]	[105]	[]	[]	[142850504]	[]
876_1540	chr1	11798441	11798841	+	1000	109.5	[8.182752]	[94]	[8.361351]	[105]	[11798634]	[11798645]
876_15400	chr12	101856075	101856475	+	670	33.5	[]	[]	[12.570299]	[103]	[]	[101856269]
876_15405	chr13	89873016	89873416	+	689	33.5	[8.009179]	[181]	[]	[]	[89873260]	[]
876_15409	chr13	90239144	90239544	+	644	33.5	[]	[]	[12.570299]	[135]	[]	[90239323]
876_1541	chr1	174848625	174849025	+	1000	109.5	[]	[]	[12.570299]	[58]	[]	[174848780]
876_15411	chr13	90314604	90315004	+	585	33.5	[7.677661]	[193]	[7.677661]	[192]	[90314803]	[90314802]
876_15414	chr13	90698653	90699053	+	625	33.5	[7.578352]	[59]	[]	[]	[90698809]	[]
876_15415	chr13	90711021	90711421	+	664	33.5	[7.676677]	[97]	[]	[]	[90711196]	[]
876_15416	chr13	90815038	90815438	+	598	33.5	[8.009179]	[158]	[]	[]	[90815257]	[]
876_15417	chr13	90837532	90837932	+	719	33.5	[]	[]	[7.7748694]	[166]	[]	[90837725]
876_15427	chr13	92423013	92423413	+	701	33.5	[9.53014]	[148]	[]	[]	[92423258]	[]
876_15429	chr13	92491724	92492124	+	700	33.5	[]	[]	[7.764176]	[93]	[]	[92491902]
876_1543	chr10	67855627	67856027	+	1000	109.5	[]	[]	[12.570299, 7.7748694]	[126, 167]	[]	[67855832, 67855873]
876_15433	chr14	20631093	20631493	+	680	33.5	[10.2047415]	[116]	[8.84223]	[124]	[20631286]	[20631294]
876_15434	chr14	49972882	49973282	+	698	33.5	[12.570299]	[101]	[]	[]	[49973068]	[]
876_15439	chr15	72339723	72340123	+	619	33.5	[9.53014]	[113]	[]	[]	[72339911]	[]
876_1544	chr10	101576467	101576867	+	1000	109.5	[]	[]	[12.570299]	[108]	[]	[101576670]
876_15440	chr15	78782327	78782727	+	646	33.5	[9.53014]	[163]	[]	[]	[78782566]	[]
876_15447	chr16	22388110	22388510	+	620	33.5	[]	[]	[9.252844]	[86]	[]	[22388285]
876_1545	chr11	33690331	33690731	+	1000	109.5	[8.361351]	[97]	[]	[]	[33690527]	[]
876_15456	chr17	62163744	62164144	+	653	33.5	[]	[]	[8.009179]	[110]	[]	[62163941]
876_15465	chr18	8891130	8891530	+	653	33.5	[9.252844]	[198]	[]	[]	[8891355]	[]
876_15467	chr18	12574755	12575155	+	641	33.5	[12.570299]	[148]	[]	[]	[12574997]	[]
876_1547	chr19	6567944	6568344	+	1000	109.5	[12.570299]	[92]	[]	[]	[6568119]	[]
876_15471	chr19	5987211	5987611	+	704	33.5	[12.570299]	[155]	[]	[]	[5987442]	[]
876_15473	chr19	15859474	15859874	+	605	33.5	[]	[]	[10.2047415]	[139]	[]	[15859659]
876_15476	chr19	39479358	39479758	+	730	33.5	[7.676677]	[72]	[]	[]	[39479510]	[]
876_15478	chr19	49546859	49547259	+	548	33.5	[]	[]	[12.570299]	[68]	[]	[49547021]
876_15480	chr2	1388183	1388583	+	591	33.5	[]	[]	[12.570299]	[106]	[]	[1388382]
876_15482	chr2	37103708	37104108	+	696	33.5	[8.361351]	[161]	[]	[]	[37103949]	[]
876_15487	chr2	70995398	70995798	+	618	33.5	[8.361351]	[123]	[]	[]	[70995601]	[]
876_15489	chr2	102046255	102046655	+	559	33.5	[12.570299]	[139]	[7.764176]	[86]	[102046478]	[102046425]
876_1549	chr2	208638090	208638490	+	1000	109.5	[8.84223]	[72]	[]	[]	[208638260]	[]
876_15493	chr2	134706664	134707064	+	568	33.5	[7.578352]	[74]	[]	[]	[134706818]	[]
876_15494	chr2	143661808	143662208	+	673	33.5	[12.570299]	[127]	[]	[]	[143662025]	[]
876_15495	chr2	173876797	173877197	+	560	33.5	[8.361351]	[88]	[]	[]	[173876970]	[]
876_15496	chr2	177394376	177394776	+	686	33.5	[]	[]	[12.570299]	[56]	[]	[177394529]
876_15497	chr2	202922704	202923104	+	586	33.5	[]	[]	[12.570299]	[103]	[]	[202922890]
876_155	chr1	12218554	12218954	+	1000	345.0	[]	[]	[12.570299]	[103]	[]	[12218757]
876_15500	chr2	219400074	219400474	+	626	33.5	[]	[]	[12.570299]	[131]	[]	[219400289]
876_15504	chr20	56419123	56419523	+	608	33.5	[9.252844]	[127]	[]	[]	[56419338]	[]
876_15506	chr21	14752798	14753198	+	701	33.5	[12.570299]	[145]	[]	[]	[14752976]	[]
876_15508	chr21	35480906	35481306	+	703	33.5	[]	[]	[8.361351]	[138]	[]	[35481088]
876_1551	chr3	157441059	157441459	+	1000	109.5	[12.570299]	[123]	[]	[]	[157441274]	[]
876_15514	chr22	16812651	16813051	+	715	33.5	[9.53014]	[211]	[]	[]	[16812896]	[]
876_15517	chr22	19868117	19868517	+	548	33.5	[]	[]	[7.7748694]	[169]	[]	[19868313]
876_1552	chr4	17544335	17544735	+	1000	109.5	[12.570299]	[91]	[]	[]	[17544523]	[]
876_15528	chr22	36370050	36370450	+	684	33.5	[]	[]	[10.2047415]	[103]	[]	[36370251]
876_1553	chr4	80439728	80440128	+	1000	109.5	[12.570299]	[94]	[]	[]	[80439919]	[]
876_15530	chr3	4916842	4917242	+	705	33.5	[12.570299]	[67]	[]	[]	[4917003]	[]
876_15534	chr3	13262659	13263059	+	662	33.5	[]	[]	[8.84223]	[206]	[]	[13262908]
876_15537	chr3	20968224	20968624	+	713	33.5	[7.553737, 12.570299]	[106, 119]	[]	[]	[20968423, 20968436]	[]
876_1554	chr5	40754499	40754899	+	1000	109.5	[12.570299]	[98]	[]	[]	[40754695]	[]
876_15540	chr3	39330984	39331384	+	559	33.5	[8.84223]	[188]	[10.2047415, 7.553737]	[100, 154]	[39331227]	[39331139, 39331193]
876_15544	chr3	152471919	152472319	+	608	33.5	[7.677661]	[76]	[]	[]	[152472091]	[]
876_15546	chr3	177154818	177155218	+	687	33.5	[9.53014, 12.570299]	[81, 98]	[]	[]	[177154995, 177155012]	[]
876_15547	chr3	179062632	179063032	+	700	33.5	[]	[]	[10.2047415]	[140]	[]	[179062840]
876_15549	chr3	183375291	183375691	+	564	33.5	[]	[]	[12.570299]	[89]	[]	[183375466]
876_15556	chr4	78711761	78712161	+	709	33.5	[]	[]	[9.53014]	[143]	[]	[78711986]
876_15557	chr4	82271917	82272317	+	678	33.5	[12.570299]	[133]	[]	[]	[82272142]	[]
876_15558	chr4	102380222	102380622	+	708	33.5	[]	[]	[12.570299]	[130]	[]	[102380424]
876_1556	chr6	112176186	112176586	+	1000	109.5	[12.570299]	[149]	[7.553737]	[111]	[112176420]	[112176382]
876_15560	chr4	144104757	144105157	+	698	33.5	[8.84223]	[185]	[]	[]	[144104964]	[]
876_15563	chr4	152462021	152462421	+	572	33.5	[8.361351]	[135]	[]	[]	[152462249]	[]
876_15564	chr5	5409171	5409571	+	714	33.5	[12.570299]	[137]	[]	[]	[5409342]	[]
876_15565	chr5	7170819	7171219	+	620	33.5	[12.570299]	[155]	[]	[]	[7171019]	[]
876_1557	chr7	107836335	107836735	+	1000	109.5	[]	[]	[8.361351]	[74]	[]	[107836497]
876_15572	chr5	115629851	115630251	+	712	33.5	[8.84223]	[127]	[]	[]	[115630049]	[]
876_15574	chr5	119769683	119770083	+	649	33.5	[12.570299]	[124]	[]	[]	[119769896]	[]
876_15579	chr6	13712767	13713167	+	680	33.5	[7.5891633]	[67]	[]	[]	[13712922]	[]
876_1558	chr8	23650592	23650992	+	1000	109.5	[]	[]	[12.570299]	[71]	[]	[23650745]
876_15582	chr6	26339071	26339471	+	556	33.5	[12.570299]	[127]	[]	[]	[26339285]	[]
876_15588	chr6	38436653	38437053	+	582	33.5	[12.570299]	[125]	[]	[]	[38436870]	[]
876_1559	chrX	38817004	38817404	+	1000	109.5	[12.570299]	[93]	[]	[]	[38817196]	[]
876_15590	chr6	45320421	45320821	+	705	33.5	[10.2047415]	[89]	[12.570299]	[126]	[45320595]	[45320632]
876_15591	chr6	45454267	45454667	+	690	33.5	[12.570299]	[152]	[]	[]	[45454517]	[]
876_15592	chr6	47133507	47133907	+	705	33.5	[]	[]	[12.570299]	[105]	[]	[47133679]
876_15594	chr6	73911511	73911911	+	698	33.5	[8.009179, 12.570299]	[118, 145]	[]	[]	[73911702, 73911729]	[]
876_15599	chr6	119311429	119311829	+	617	33.5	[7.764176]	[75]	[]	[]	[119311585]	[]
876_156	chr1	154186734	154187134	+	1000	345.0	[12.570299]	[104]	[12.570299]	[172]	[154186909]	[154186977]
876_15600	chr6	133740146	133740546	+	556	33.5	[]	[]	[7.5891633]	[150]	[]	[133740381]
876_15603	chr6	137902975	137903375	+	631	33.5	[10.2047415, 8.84223]	[133, 171]	[]	[]	[137903155, 137903193]	[]
876_15608	chr6	163585841	163586241	+	711	33.5	[]	[]	[7.676677]	[134]	[]	[163586002]
876_15615	chr7	37705956	37706356	+	686	33.5	[]	[]	[12.570299]	[80]	[]	[37706131]
876_15618	chr7	65260746	65261146	+	685	33.5	[]	[]	[8.84223]	[103]	[]	[65260924]
876_1562	chr11	75748880	75749280	+	1000	109.0	[12.570299]	[111]	[]	[]	[75749082]	[]
876_15622	chr7	95377029	95377429	+	594	33.5	[12.570299]	[124]	[]	[]	[95377246]	[]
876_1563	chr12	95516758	95517158	+	1000	109.0	[7.764176]	[65]	[]	[]	[95516919]	[]
876_15638	chr7	150678644	150679044	+	705	33.5	[12.570299]	[106]	[]	[]	[150678827]	[]
876_1564	chr13	44899924	44900324	+	1000	109.0	[]	[]	[10.2047415, 7.676677]	[105, 158]	[]	[44900118, 44900171]
876_15642	chr8	11291797	11292197	+	702	33.5	[9.252844]	[113]	[]	[]	[11291960]	[]
876_15645	chr8	73341099	73341499	+	685	33.5	[]	[]	[8.361351]	[94]	[]	[73341292]
876_15654	chr8	131916509	131916909	+	695	33.5	[8.84223]	[119]	[]	[]	[131916679]	[]
876_15655	chr9	33619597	33619997	+	617	33.5	[]	[]	[7.553737]	[158]	[]	[33619814]
876_15657	chr9	71758817	71759217	+	617	33.5	[]	[]	[8.264141, 12.570299]	[98, 118]	[]	[71759012, 71759032]
876_15662	chr9	127784764	127785164	+	717	33.5	[9.252844]	[141]	[]	[]	[127784948]	[]
876_1568	chr2	25522054	25522454	+	1000	109.0	[]	[]	[12.570299]	[102]	[]	[25522238]
876_15681	chr1	46616719	46617119	+	667	33.0	[9.252844]	[202]	[]	[]	[46616932]	[]
876_15689	chr1	99642053	99642453	+	561	33.0	[]	[]	[7.553737]	[128]	[]	[99642247]
876_15698	chr1	147340727	147341127	+	676	33.0	[]	[]	[12.570299]	[116]	[]	[147340915]
876_1570	chr20	50641945	50642345	+	1000	109.0	[]	[]	[12.570299, 7.553737]	[102, 153]	[]	[50642122, 50642173]
876_1571	chr5	132300534	132300934	+	1000	109.0	[]	[]	[12.570299]	[131]	[]	[132300748]
876_15711	chr1	203653276	203653676	+	699	33.0	[8.182752]	[137]	[]	[]	[203653430]	[]
876_15715	chr1	224852768	224853168	+	627	33.0	[]	[]	[9.252844, 9.252844, 9.252844, 9.252844, 9.252844]	[150, 166, 174, 190, 198]	[]	[224852965, 224852981, 224852989, 224853005, 224853013]
876_1572	chr5	170248641	170249041	+	1000	109.0	[8.361351]	[116]	[]	[]	[170248846]	[]
876_15725	chr10	15589141	15589541	+	654	33.0	[9.252844]	[166]	[]	[]	[15589392]	[]
876_1573	chr9	112224691	112225091	+	1000	109.0	[8.361351]	[102]	[]	[]	[112224888]	[]
876_15733	chr10	88062748	88063148	+	581	33.0	[12.570299]	[172]	[8.182752]	[199]	[88062929]	[88062956]
876_15734	chr10	114057847	114058247	+	684	33.0	[12.570299]	[106]	[]	[]	[114058047]	[]
876_1574	chr1	51850354	51850754	+	1000	108.5	[12.570299]	[104]	[]	[]	[51850554]	[]
876_15740	chr11	61949688	61950088	+	580	33.0	[]	[]	[8.361351]	[155]	[]	[61949909]
876_15741	chr11	70287079	70287479	+	603	33.0	[10.2047415]	[162]	[]	[]	[70287327]	[]
876_15745	chr11	96897392	96897792	+	647	33.0	[8.84223]	[161]	[]	[]	[96897636]	[]
876_15746	chr11	100681105	100681505	+	679	33.0	[8.361351]	[157]	[]	[]	[100681332]	[]
876_15747	chr11	124804991	124805391	+	561	33.0	[8.361351]	[145]	[9.53014]	[174]	[124805184]	[124805213]
876_15748	chr12	4146474	4146874	+	585	33.0	[]	[]	[8.264141, 12.570299]	[98, 151]	[]	[4146669, 4146722]
876_1575	chr1	117735062	117735462	+	1000	108.5	[]	[]	[12.570299, 7.676677]	[88, 109]	[]	[117735250, 117735271]
876_15759	chr12	75724858	75725258	+	665	33.0	[]	[]	[8.361351]	[182]	[]	[75725102]
876_15760	chr12	80080148	80080548	+	697	33.0	[]	[]	[12.570299]	[122]	[]	[80080352]
876_15764	chr12	105965360	105965760	+	668	33.0	[12.570299, 8.361351]	[156, 185]	[]	[]	[105965566, 105965595]	[]
876_15769	chr13	28538861	28539261	+	554	33.0	[]	[]	[8.264141]	[61]	[]	[28539016]
876_1577	chr12	48553669	48554069	+	1000	108.5	[]	[]	[12.570299]	[109]	[]	[48553878]
876_15777	chr13	80787401	80787801	+	543	33.0	[10.2047415]	[190]	[]	[]	[80787621]	[]
876_15780	chr13	80893960	80894360	+	683	33.0	[]	[]	[7.5891633]	[173]	[]	[80894141]
876_15782	chr13	90024979	90025379	+	610	33.0	[7.676677]	[148]	[]	[]	[90025205]	[]
876_15784	chr13	90413101	90413501	+	610	33.0	[]	[]	[8.264141]	[143]	[]	[90413340]
876_15789	chr13	90760052	90760452	+	639	33.0	[12.570299]	[139]	[9.53014]	[185]	[90760216]	[90760262]
876_1579	chr15	64568742	64569142	+	1000	108.5	[]	[]	[12.570299]	[104]	[]	[64568938]
876_15790	chr13	90881630	90882030	+	673	33.0	[9.53014]	[122]	[]	[]	[90881808]	[]
876_15792	chr13	91011813	91012213	+	621	33.0	[]	[]	[8.361351]	[159]	[]	[91012042]
876_15796	chr13	91419687	91420087	+	599	33.0	[10.2047415]	[91]	[]	[]	[91419866]	[]
876_15799	chr13	92351584	92351984	+	678	33.0	[7.7748694]	[206]	[]	[]	[92351801]	[]
876_158	chr1	246113489	246113889	+	1000	344.5	[]	[]	[10.2047415]	[74]	[]	[246113660]
876_15807	chr15	22976613	22977013	+	689	33.0	[12.570299]	[124]	[8.361351]	[153]	[22976824]	[22976853]
876_1581	chr3	194312826	194313226	+	1000	108.5	[12.570299]	[84]	[]	[]	[194313009]	[]
876_15815	chr15	72708561	72708961	+	668	33.0	[]	[]	[8.361351]	[159]	[]	[72708791]
876_15819	chr16	11127811	11128211	+	563	33.0	[10.2047415]	[133]	[]	[]	[11128032]	[]
876_15822	chr16	71597418	71597818	+	635	33.0	[8.009179]	[131]	[12.570299]	[174]	[71597613]	[71597656]
876_15825	chr16	89219484	89219884	+	665	33.0	[]	[]	[12.570299]	[117]	[]	[89219651]
876_1583	chr4	77636891	77637291	+	1000	108.5	[]	[]	[12.570299]	[120]	[]	[77637111]
876_15832	chr17	60315582	60315982	+	683	33.0	[10.2047415]	[142]	[]	[]	[60315813]	[]
876_1584	chr5	180085156	180085556	+	1000	108.5	[8.361351]	[93]	[]	[]	[180085346]	[]
876_15840	chr18	74840540	74840940	+	685	33.0	[]	[]	[12.570299]	[91]	[]	[74840719]
876_15842	chr19	11569947	11570347	+	691	33.0	[]	[]	[12.570299]	[94]	[]	[11570138]
876_1585	chr6	163777230	163777630	+	1000	108.5	[10.2047415]	[84]	[]	[]	[163777383]	[]
876_15853	chr2	64140789	64141189	+	642	33.0	[7.7748694]	[103]	[10.2047415]	[148]	[64140978]	[64141023]
876_15858	chr2	144371961	144372361	+	615	33.0	[12.570299, 7.764176, 7.553737]	[101, 119, 151]	[]	[]	[144372145, 144372163, 144372195]	[]
876_1586	chr7	6056615	6057015	+	1000	108.5	[]	[]	[12.570299]	[109]	[]	[6056816]
876_15860	chr2	150168405	150168805	+	636	33.0	[8.182752]	[87]	[]	[]	[150168571]	[]
876_15864	chr2	159290168	159290568	+	600	33.0	[12.570299]	[108]	[]	[]	[159290375]	[]
876_15867	chr2	168979210	168979610	+	689	33.0	[]	[]	[10.2047415]	[205]	[]	[168979443]
876_15868	chr2	181104520	181104920	+	663	33.0	[7.578352, 12.570299]	[124, 169]	[]	[]	[181104696, 181104741]	[]
876_1587	chr8	97595054	97595454	+	1000	108.5	[]	[]	[12.570299]	[103]	[]	[97595254]
876_15876	chr20	29084678	29085078	+	559	33.0	[]	[]	[8.84223]	[205]	[]	[29084896]
876_15887	chr21	33945915	33946315	+	682	33.0	[7.7748694]	[216]	[7.5891633]	[167]	[33946155]	[33946106]
876_15893	chr22	16688832	16689232	+	643	33.0	[]	[]	[7.553737]	[147]	[]	[16689048]
876_159	chr7	99693383	99693783	+	1000	343.5	[]	[]	[12.570299]	[99]	[]	[99693582]
876_1590	chrX	110229794	110230194	+	1000	108.5	[12.570299]	[93]	[]	[]	[110229985]	[]
876_15901	chr22	20842229	20842629	+	578	33.0	[8.84223]	[172]	[10.2047415]	[127]	[20842456]	[20842411]
876_15915	chr3	6506862	6507262	+	674	33.0	[10.2047415]	[133]	[]	[]	[6507053]	[]
876_15916	chr3	13650999	13651399	+	667	33.0	[9.252844]	[167]	[]	[]	[13651249]	[]
876_1592	chr1	168281594	168281994	+	1000	108.0	[8.264141]	[75]	[]	[]	[168281762]	[]
876_15929	chr3	58003351	58003751	+	549	33.0	[8.361351, 7.5891633]	[121, 173]	[9.252844]	[100]	[58003530, 58003582]	[58003509]
876_1593	chr1	205678186	205678586	+	1000	108.0	[]	[]	[8.361351]	[83]	[]	[205678359]
876_15937	chr3	191238292	191238692	+	561	33.0	[12.570299]	[116]	[8.264141]	[99]	[191238504]	[191238487]
876_15939	chr4	6751778	6752178	+	631	33.0	[12.570299]	[127]	[]	[]	[6752004]	[]
876_1594	chr1	206495136	206495536	+	1000	108.0	[]	[]	[8.361351]	[109]	[]	[206495342]
876_15940	chr4	37803392	37803792	+	687	33.0	[12.570299]	[118]	[]	[]	[37803607]	[]
876_15942	chr4	75841756	75842156	+	620	33.0	[8.009179, 10.2047415]	[143, 152]	[]	[]	[75841982, 75841991]	[]
876_15944	chr4	106109929	106110329	+	659	33.0	[]	[]	[8.361351]	[87]	[]	[106110113]
876_15945	chr4	152742100	152742500	+	663	33.0	[7.553737, 12.570299]	[75, 88]	[]	[]	[152742273, 152742286]	[]
876_15947	chr4	183241155	183241555	+	681	33.0	[9.53014]	[136]	[]	[]	[183241365]	[]
876_15950	chr5	10762300	10762700	+	678	33.0	[]	[]	[7.764176]	[148]	[]	[10762485]
876_15955	chr5	76529780	76530180	+	603	33.0	[7.5891633, 8.009179]	[67, 149]	[]	[]	[76529942, 76530024]	[]
876_15956	chr5	85647846	85648246	+	624	33.0	[]	[]	[12.570299]	[107]	[]	[85648039]
876_15959	chr5	119302970	119303370	+	570	33.0	[12.570299]	[127]	[]	[]	[119303166]	[]
876_1596	chr11	34422368	34422768	+	1000	108.0	[12.570299, 8.361351]	[99, 144]	[]	[]	[34422564, 34422609]	[]
876_15960	chr5	119341064	119341464	+	580	33.0	[10.2047415]	[204]	[]	[]	[119341314]	[]
876_15961	chr5	119532660	119533060	+	572	33.0	[9.53014]	[100]	[]	[]	[119532858]	[]
876_15964	chr5	135159009	135159409	+	564	33.0	[7.578352]	[183]	[]	[]	[135159216]	[]
876_15966	chr5	148620783	148621183	+	636	33.0	[9.252844]	[178]	[]	[]	[148621005]	[]
876_15974	chr6	15400617	15401017	+	658	33.0	[]	[]	[8.361351]	[141]	[]	[15400851]
876_15989	chr6	36618812	36619212	+	601	33.0	[]	[]	[8.182752]	[188]	[]	[36619013]
876_15992	chr6	43821447	43821847	+	579	33.0	[8.361351]	[58]	[]	[]	[43821605]	[]
876_15994	chr6	49647093	49647493	+	702	33.0	[]	[]	[8.182752]	[155]	[]	[49647341]
876_15998	chr6	121305967	121306367	+	671	33.0	[7.764176]	[121]	[7.764176]	[120]	[121306186]	[121306185]
876_16	chr22	20777726	20778126	+	1000	1154.0	[]	[]	[12.570299]	[103]	[]	[20777927]
876_160	chr7	116723840	116724240	+	1000	342.5	[]	[]	[12.570299]	[103]	[]	[116724035]
876_1600	chr22	25759677	25760077	+	1000	108.0	[8.361351]	[115]	[]	[]	[25759878]	[]
876_16006	chr6	137309010	137309410	+	614	33.0	[]	[]	[8.84223]	[110]	[]	[137309215]
876_16012	chr6	149349443	149349843	+	661	33.0	[]	[]	[10.2047415]	[168]	[]	[149349686]
876_16013	chr6	149565837	149566237	+	664	33.0	[10.2047415]	[158]	[]	[]	[149566066]	[]
876_16014	chr6	157868179	157868579	+	693	33.0	[7.677661, 9.252844]	[114, 124]	[7.677661]	[113]	[157868335, 157868345]	[157868334]
876_16016	chr6	159151231	159151631	+	698	33.0	[]	[]	[8.361351]	[136]	[]	[159151401]
876_16023	chr7	74655320	74655720	+	569	33.0	[]	[]	[8.361351]	[133]	[]	[74655538]
876_16027	chr7	105004367	105004767	+	648	33.0	[7.764176]	[201]	[7.764176]	[200]	[105004577]	[105004576]
876_1603	chr5	71586854	71587254	+	1000	108.0	[8.361351]	[147]	[]	[]	[71587082]	[]
876_16032	chr7	116955575	116955975	+	668	33.0	[]	[]	[9.252844]	[127]	[]	[116955757]
876_16034	chr7	118182891	118183291	+	624	33.0	[]	[]	[8.84223]	[123]	[]	[118183100]
876_16035	chr7	118369934	118370334	+	682	33.0	[12.570299]	[126]	[]	[]	[118370146]	[]
876_16038	chr7	127865283	127865683	+	653	33.0	[8.84223]	[147]	[]	[]	[127865507]	[]
876_1604	chr6	106312865	106313265	+	1000	108.0	[9.53014]	[110]	[]	[]	[106313065]	[]
876_16054	chr8	38778097	38778497	+	587	33.0	[]	[]	[12.570299]	[121]	[]	[38778305]
876_16055	chr8	95270526	95270926	+	694	33.0	[]	[]	[10.2047415]	[145]	[]	[95270746]
876_16056	chr8	103007648	103008048	+	638	33.0	[]	[]	[12.570299]	[172]	[]	[103007858]
876_16057	chr8	116874677	116875077	+	599	33.0	[]	[]	[12.570299]	[107]	[]	[116874836]
876_16058	chr8	123627344	123627744	+	665	33.0	[12.570299]	[118]	[]	[]	[123627535]	[]
876_16059	chr8	124455913	124456313	+	675	33.0	[]	[]	[12.570299]	[104]	[]	[124456104]
876_1606	chr7	111438526	111438926	+	1000	108.0	[8.182752]	[202]	[8.361351]	[177]	[111438775]	[111438750]
876_16062	chr9	97714364	97714764	+	546	33.0	[9.252844]	[131]	[9.252844]	[128]	[97714575]	[97714572]
876_16063	chr9	111630205	111630605	+	642	33.0	[9.53014]	[141]	[12.570299]	[73]	[111630437]	[111630369]
876_1607	chr8	97239114	97239514	+	1000	108.0	[8.361351]	[137]	[]	[]	[97239335]	[]
876_16071	chrX	63613648	63614048	+	625	33.0	[12.570299]	[110]	[]	[]	[63613836]	[]
876_16073	chrX	119410571	119410971	+	577	33.0	[8.182752]	[66]	[]	[]	[119410725]	[]
876_16074	chrX	120653028	120653428	+	602	33.0	[12.570299]	[119]	[]	[]	[120653238]	[]
876_16075	chrX	152520918	152521318	+	616	33.0	[8.182752]	[95]	[]	[]	[152521101]	[]
876_16079	chr1	26141842	26142242	+	661	32.5	[10.2047415]	[71]	[8.84223]	[87]	[26142004]	[26142020]
876_1608	chr8	127898830	127899230	+	1000	108.0	[9.53014, 9.53014]	[126, 134]	[]	[]	[127899042, 127899050]	[]
876_16082	chr1	28065935	28066335	+	648	32.5	[]	[]	[7.676677]	[123]	[]	[28066113]
876_16085	chr1	42962915	42963315	+	593	32.5	[12.570299]	[75]	[8.84223]	[132]	[42963070]	[42963127]
876_16087	chr1	45191438	45191838	+	651	32.5	[9.252844]	[121]	[]	[]	[45191647]	[]
876_1609	chrX	11461493	11461893	+	1000	108.0	[]	[]	[9.252844]	[136]	[]	[11461708]
876_16096	chr1	53115854	53116254	+	551	32.5	[12.570299]	[114]	[]	[]	[53116065]	[]
876_16099	chr1	109189918	109190318	+	636	32.5	[8.182752]	[123]	[]	[]	[109190120]	[]
876_161	chr5	80204918	80205318	+	1000	341.0	[]	[]	[12.570299]	[63]	[]	[80205078]
876_16100	chr1	109845595	109845995	+	606	32.5	[]	[]	[10.2047415]	[175]	[]	[109845833]
876_1611	chr11	124327764	124328164	+	1000	107.5	[]	[]	[8.361351]	[106]	[]	[124327957]
876_16114	chr1	174427995	174428395	+	667	32.5	[8.361351]	[130]	[]	[]	[174428190]	[]
876_16119	chr1	186193971	186194371	+	603	32.5	[]	[]	[7.676677]	[142]	[]	[186194148]
876_16128	chr1	212036868	212037268	+	660	32.5	[]	[]	[8.84223]	[130]	[]	[212037080]
876_1613	chr17	42744837	42745237	+	1000	107.5	[]	[]	[12.570299]	[73]	[]	[42744996]
876_16143	chr10	60427176	60427576	+	664	32.5	[12.570299]	[150]	[]	[]	[60427395]	[]
876_16144	chr10	64516595	64516995	+	662	32.5	[9.53014, 7.764176]	[101, 155]	[7.764176]	[154]	[64516764, 64516818]	[64516817]
876_16145	chr10	73997350	73997750	+	622	32.5	[8.84223]	[145]	[]	[]	[73997510]	[]
876_16146	chr10	75019431	75019831	+	642	32.5	[7.676677]	[176]	[8.84223]	[118]	[75019651]	[75019593]
876_1615	chr3	60277433	60277833	+	1000	107.5	[12.570299]	[87]	[]	[]	[60277604]	[]
876_16156	chr10	118002570	118002970	+	541	32.5	[8.84223]	[78]	[]	[]	[118002743]	[]
876_1616	chr3	118540488	118540888	+	1000	107.5	[8.361351]	[89]	[]	[]	[118540670]	[]
876_16161	chr11	16001152	16001552	+	646	32.5	[]	[]	[7.5891633]	[78]	[]	[16001319]
876_16169	chr11	66268105	66268505	+	664	32.5	[8.182752]	[184]	[]	[]	[66268350]	[]
876_1617	chr3	172549042	172549442	+	1000	107.5	[]	[]	[8.84223, 12.570299]	[93, 101]	[]	[172549225, 172549233]
876_16172	chr11	86179671	86180071	+	542	32.5	[9.53014]	[146]	[]	[]	[86179893]	[]
876_16177	chr12	16008381	16008781	+	616	32.5	[12.570299]	[99]	[]	[]	[16008571]	[]
876_16178	chr12	46482371	46482771	+	544	32.5	[]	[]	[8.182752]	[208]	[]	[46482598]
876_1618	chr4	110410797	110411197	+	1000	107.5	[]	[]	[12.570299]	[86]	[]	[110410974]
876_16185	chr12	103672633	103673033	+	653	32.5	[]	[]	[12.570299]	[152]	[]	[103672861]
876_16186	chr12	130956880	130957280	+	627	32.5	[7.676677]	[144]	[]	[]	[130957094]	[]
876_16191	chr13	80697825	80698225	+	615	32.5	[10.2047415, 7.677661]	[170, 204]	[7.677661]	[203]	[80698001, 80698035]	[80698034]
876_16194	chr13	80876388	80876788	+	640	32.5	[8.264141, 10.2047415]	[156, 202]	[]	[]	[80876560, 80876606]	[]
876_16196	chr13	80890557	80890957	+	635	32.5	[]	[]	[9.53014]	[161]	[]	[80890754]
876_16199	chr13	90012902	90013302	+	613	32.5	[10.2047415]	[209]	[]	[]	[90013143]	[]
876_16204	chr13	90387326	90387726	+	656	32.5	[8.009179]	[116]	[]	[]	[90387515]	[]
876_16206	chr13	90451499	90451899	+	654	32.5	[7.677661, 8.84223]	[121, 136]	[7.677661]	[120]	[90451709, 90451724]	[90451708]
876_16209	chr13	90660477	90660877	+	546	32.5	[8.361351]	[175]	[]	[]	[90660694]	[]
876_16211	chr13	90925352	90925752	+	636	32.5	[8.84223]	[104]	[]	[]	[90925548]	[]
876_16215	chr13	91275742	91276142	+	574	32.5	[]	[]	[8.009179]	[147]	[]	[91275969]
876_16216	chr13	91688427	91688827	+	650	32.5	[9.53014]	[85]	[]	[]	[91688597]	[]
876_16217	chr13	91791560	91791960	+	643	32.5	[8.182752]	[104]	[]	[]	[91791722]	[]
876_16219	chr13	92436074	92436474	+	595	32.5	[12.570299]	[134]	[]	[]	[92436303]	[]
876_1622	chr8	99046288	99046688	+	1000	107.5	[12.570299]	[93]	[]	[]	[99046471]	[]
876_16221	chr13	92646122	92646522	+	660	32.5	[]	[]	[8.182752]	[164]	[]	[92646345]
876_16226	chr14	74945652	74946052	+	662	32.5	[12.570299]	[89]	[]	[]	[74945835]	[]
876_1623	chr10	32986042	32986442	+	1000	107.0	[9.53014]	[107]	[]	[]	[32986241]	[]
876_16231	chr15	78303497	78303897	+	652	32.5	[]	[]	[12.570299]	[139]	[]	[78303734]
876_16232	chr15	82739214	82739614	+	608	32.5	[10.2047415]	[65]	[]	[]	[82739378]	[]
876_16236	chr16	31284182	31284582	+	577	32.5	[]	[]	[12.570299]	[124]	[]	[31284399]
876_1624	chr10	63722522	63722922	+	1000	107.0	[12.570299]	[100]	[]	[]	[63722718]	[]
876_16241	chr17	40352849	40353249	+	623	32.5	[8.361351]	[109]	[]	[]	[40353038]	[]
876_16244	chr17	46266414	46266814	+	596	32.5	[]	[]	[8.84223]	[160]	[]	[46266653]
876_16247	chr17	77185678	77186078	+	624	32.5	[]	[]	[12.570299]	[110]	[]	[77185885]
876_16249	chr18	107984	108384	+	645	32.5	[]	[]	[7.764176]	[79]	[]	[108149]
876_16252	chr18	9828373	9828773	+	565	32.5	[]	[]	[7.7748694]	[185]	[]	[9828624]
876_16257	chr19	12545228	12545628	+	667	32.5	[12.570299]	[112]	[]	[]	[12545439]	[]
876_16258	chr19	14614192	14614592	+	668	32.5	[10.2047415]	[130]	[7.7748694]	[150]	[14614408]	[14614428]
876_16259	chr19	21128797	21129197	+	577	32.5	[8.264141]	[91]	[]	[]	[21128964]	[]
876_16262	chr2	11128055	11128455	+	661	32.5	[12.570299]	[154]	[]	[]	[11128281]	[]
876_16263	chr2	11472105	11472505	+	659	32.5	[9.252844]	[138]	[]	[]	[11472323]	[]
876_1627	chr12	55484283	55484683	+	1000	107.0	[12.570299]	[95]	[]	[]	[55484477]	[]
876_1628	chr12	102470990	102471390	+	1000	107.0	[10.2047415]	[118]	[]	[]	[102471186]	[]
876_16280	chr2	219836653	219837053	+	620	32.5	[8.84223]	[150]	[]	[]	[219836903]	[]
876_16283	chr20	17678245	17678645	+	583	32.5	[]	[]	[8.264141]	[114]	[]	[17678431]
876_16284	chr20	31067287	31067687	+	669	32.5	[10.2047415]	[59]	[]	[]	[31067444]	[]
876_16291	chr21	39379633	39380033	+	673	32.5	[]	[]	[8.182752]	[151]	[]	[39379869]
876_16295	chr22	16687761	16688161	+	621	32.5	[7.764176]	[133]	[7.764176]	[132]	[16687976]	[16687975]
876_16298	chr22	19228972	19229372	+	634	32.5	[7.764176, 9.53014]	[160, 230]	[7.764176]	[159]	[19229142, 19229212]	[19229141]
876_1630	chr16	58284553	58284953	+	1000	107.0	[8.361351]	[148]	[]	[]	[58284776]	[]
876_16308	chr22	22417496	22417896	+	651	32.5	[]	[]	[7.677661]	[170]	[]	[22417739]
876_1631	chr3	33807051	33807451	+	1000	107.0	[]	[]	[12.570299]	[106]	[]	[33807242]
876_16313	chr22	39938974	39939374	+	675	32.5	[]	[]	[9.53014]	[112]	[]	[39939180]
876_16314	chr3	3963372	3963772	+	657	32.5	[12.570299]	[89]	[]	[]	[3963543]	[]
876_16318	chr3	11270103	11270503	+	597	32.5	[]	[]	[12.570299]	[122]	[]	[11270296]
876_16325	chr3	72595503	72595903	+	636	32.5	[10.2047415]	[114]	[]	[]	[72595706]	[]
876_16334	chr3	183434139	183434539	+	650	32.5	[]	[]	[9.53014]	[84]	[]	[183434301]
876_1634	chr6	139490539	139490939	+	1000	107.0	[]	[]	[12.570299]	[113]	[]	[139490751]
876_16343	chr4	70874793	70875193	+	631	32.5	[10.2047415]	[131]	[]	[]	[70875011]	[]
876_16344	chr4	76298897	76299297	+	628	32.5	[]	[]	[10.2047415]	[134]	[]	[76299129]
876_16345	chr4	83691943	83692343	+	555	32.5	[12.570299]	[137]	[]	[]	[83692156]	[]
876_1635	chrX	28327388	28327788	+	1000	107.0	[]	[]	[12.570299, 7.676677]	[91, 112]	[]	[28327565, 28327586]
876_16353	chr5	69095414	69095814	+	657	32.5	[10.2047415]	[103]	[]	[]	[69095613]	[]
876_16354	chr5	79101260	79101660	+	653	32.5	[]	[]	[12.570299]	[105]	[]	[79101435]
876_16357	chr5	120363182	120363582	+	653	32.5	[9.252844]	[174]	[12.570299]	[132]	[120363421]	[120363379]
876_16359	chr5	138601509	138601909	+	628	32.5	[9.252844]	[117]	[]	[]	[138601705]	[]
876_1636	chr1	31170660	31171060	+	1000	106.5	[]	[]	[8.361351]	[122]	[]	[31170871]
876_16363	chr6	4008313	4008713	+	598	32.5	[8.264141, 7.578352]	[89, 97]	[]	[]	[4008471, 4008479]	[]
876_1637	chr1	75112217	75112617	+	1000	106.5	[]	[]	[12.570299]	[106]	[]	[75112412]
876_16389	chr6	97049507	97049907	+	601	32.5	[]	[]	[8.361351]	[86]	[]	[97049678]
876_16390	chr6	106820387	106820787	+	630	32.5	[]	[]	[8.84223]	[124]	[]	[106820591]
876_16391	chr6	118573969	118574369	+	637	32.5	[12.570299]	[108]	[]	[]	[118574140]	[]
876_16393	chr6	127331769	127332169	+	633	32.5	[12.570299]	[176]	[7.7748694]	[124]	[127332000]	[127331948]
876_16401	chr6	139496661	139497061	+	565	32.5	[]	[]	[8.264141, 8.182752]	[150, 161]	[]	[139496857, 139496868]
876_16409	chr6	160146393	160146793	+	653	32.5	[7.677661]	[110]	[7.677661]	[109]	[160146592]	[160146591]
876_1642	chr17	33908206	33908606	+	1000	106.5	[]	[]	[9.252844]	[87]	[]	[33908386]
876_16429	chr7	128757171	128757571	+	629	32.5	[9.252844]	[132]	[9.252844]	[129]	[128757391]	[128757388]
876_1644	chr20	43676994	43677394	+	1000	106.5	[9.53014]	[107]	[]	[]	[43677192]	[]
876_16444	chr8	60734779	60735179	+	621	32.5	[12.570299]	[140]	[7.5891633]	[121]	[60735004]	[60734985]
876_1645	chr21	29217830	29218230	+	1000	106.5	[8.361351]	[119]	[]	[]	[29218048]	[]
876_16451	chr8	133615050	133615450	+	566	32.5	[8.264141]	[107]	[]	[]	[133615228]	[]
876_16454	chr9	77851768	77852168	+	623	32.5	[7.7748694, 12.570299]	[100, 145]	[]	[]	[77851935, 77851980]	[]
876_16462	chr9	133269124	133269524	+	643	32.5	[8.182752]	[173]	[]	[]	[133269366]	[]
876_16464	chrUn_GL000219v1	128180	128580	+	599	32.5	[7.5891633]	[125]	[]	[]	[128332]	[]
876_16467	chrX	13721870	13722270	+	624	32.5	[12.570299]	[175]	[]	[]	[13722109]	[]
876_1647	chr5	74725360	74725760	+	1000	106.5	[12.570299]	[111]	[8.361351]	[66]	[74725557]	[74725512]
876_16470	chr1	18411646	18412046	+	592	32.0	[12.570299]	[75]	[12.570299]	[147]	[18411806]	[18411878]
876_16472	chr1	25760052	25760452	+	630	32.0	[]	[]	[10.2047415]	[103]	[]	[25760249]
876_16478	chr1	45884805	45885205	+	550	32.0	[8.009179]	[126]	[]	[]	[45885007]	[]
876_16482	chr1	58901038	58901438	+	569	32.0	[]	[]	[10.2047415]	[207]	[]	[58901288]
876_16483	chr1	60988922	60989322	+	632	32.0	[]	[]	[10.2047415]	[124]	[]	[60989126]
876_16489	chr1	143720219	143720619	+	577	32.0	[7.676677]	[113]	[]	[]	[143720395]	[]
876_16490	chr1	145985858	145986258	+	634	32.0	[]	[]	[12.570299]	[129]	[]	[145986070]
876_16493	chr1	161530018	161530418	+	631	32.0	[]	[]	[8.361351]	[161]	[]	[161530249]
876_16496	chr1	174144011	174144411	+	606	32.0	[9.53014]	[138]	[]	[]	[174144237]	[]
876_16498	chr1	189233156	189233556	+	552	32.0	[]	[]	[8.009179]	[139]	[]	[189233387]
876_165	chr1	86435311	86435711	+	1000	339.5	[]	[]	[9.252844]	[63]	[]	[86435472]
876_1650	chr8	104617977	104618377	+	1000	106.5	[12.570299]	[130]	[]	[]	[104618188]	[]
876_16500	chr1	203006038	203006438	+	599	32.0	[]	[]	[8.009179]	[205]	[]	[203006257]
876_16505	chr1	207188909	207189309	+	622	32.0	[]	[]	[10.2047415]	[151]	[]	[207189088]
876_16511	chr1	234406806	234407206	+	601	32.0	[9.53014]	[171]	[8.264141]	[96]	[234407035]	[234406960]
876_16515	chr1	245040828	245041228	+	576	32.0	[]	[]	[8.182752]	[220]	[]	[245041054]
876_16519	chr10	6002803	6003203	+	550	32.0	[8.361351]	[163]	[]	[]	[6003053]	[]
876_1652	chr10	59895588	59895988	+	1000	106.0	[]	[]	[12.570299]	[105]	[]	[59895787]
876_16521	chr10	29130097	29130497	+	603	32.0	[12.570299]	[155]	[]	[]	[29130339]	[]
876_16522	chr10	31014539	31014939	+	543	32.0	[12.570299]	[186]	[]	[]	[31014786]	[]
876_1653	chr10	69213672	69214072	+	1000	106.0	[8.361351]	[96]	[]	[]	[69213865]	[]
876_16534	chr11	3860140	3860540	+	626	32.0	[]	[]	[12.570299]	[147]	[]	[3860386]
876_16536	chr11	33734483	33734883	+	604	32.0	[9.252844]	[117]	[]	[]	[33734687]	[]
876_16539	chr11	72223369	72223769	+	612	32.0	[]	[]	[8.264141]	[96]	[]	[72223565]
876_1654	chr13	80361922	80362322	+	1000	106.0	[]	[]	[8.361351]	[147]	[]	[80362164]
876_16540	chr11	73986806	73987206	+	625	32.0	[]	[]	[12.570299]	[161]	[]	[73987036]
876_16548	chr12	68454927	68455327	+	606	32.0	[8.182752]	[74]	[]	[]	[68455079]	[]
876_16550	chr12	93020278	93020678	+	542	32.0	[]	[]	[12.570299]	[105]	[]	[93020467]
876_16554	chr12	110426527	110426927	+	623	32.0	[12.570299]	[163]	[]	[]	[110426752]	[]
876_16555	chr12	120471381	120471781	+	626	32.0	[7.677661]	[72]	[]	[]	[120471549]	[]
876_16556	chr12	131955792	131956192	+	572	32.0	[7.578352]	[113]	[9.252844, 8.009179]	[83, 148]	[131955980]	[131955950, 131956015]
876_16561	chr13	90160450	90160850	+	595	32.0	[7.578352]	[136]	[]	[]	[90160676]	[]
876_16563	chr13	90376503	90376903	+	596	32.0	[7.7748694]	[208]	[]	[]	[90376715]	[]
876_16566	chr13	90760995	90761395	+	620	32.0	[8.009179]	[150]	[]	[]	[90761214]	[]
876_1657	chr20	33562082	33562482	+	1000	106.0	[]	[]	[9.252844]	[104]	[]	[33562283]
876_16571	chr13	91322978	91323378	+	577	32.0	[10.2047415]	[125]	[]	[]	[91323197]	[]
876_16573	chr13	91376191	91376591	+	549	32.0	[9.53014]	[106]	[8.84223]	[117]	[91376352]	[91376363]
876_16575	chr13	91613920	91614320	+	628	32.0	[]	[]	[8.264141]	[180]	[]	[91614129]
876_16578	chr13	92447488	92447888	+	575	32.0	[8.009179]	[183]	[]	[]	[92447716]	[]
876_16580	chr13	92564559	92564959	+	614	32.0	[]	[]	[9.252844]	[88]	[]	[92564729]
876_16585	chr13	100392736	100393136	+	616	32.0	[8.009179]	[151]	[]	[]	[100392961]	[]
876_16587	chr14	22978428	22978828	+	588	32.0	[]	[]	[9.53014]	[105]	[]	[22978628]
876_16588	chr14	23883945	23884345	+	584	32.0	[]	[]	[8.264141, 8.009179]	[101, 150]	[]	[23884104, 23884153]
876_1659	chr3	72027837	72028237	+	1000	106.0	[]	[]	[12.570299, 7.553737, 7.764176]	[81, 94, 158]	[]	[72028003, 72028016, 72028080]
876_16590	chr14	37083604	37084004	+	626	32.0	[]	[]	[8.84223]	[70]	[]	[37083769]
876_16592	chr15	42591550	42591950	+	648	32.0	[10.2047415]	[104]	[]	[]	[42591750]	[]
876_16595	chr15	68817007	68817407	+	590	32.0	[8.361351]	[86]	[7.553737]	[106]	[68817182]	[68817202]
876_16597	chr15	79904228	79904628	+	595	32.0	[]	[]	[12.570299]	[133]	[]	[79904443]
876_1660	chr3	131331744	131332144	+	1000	106.0	[12.570299]	[104]	[]	[]	[131331944]	[]
876_16601	chr16	9541697	9542097	+	603	32.0	[12.570299]	[144]	[]	[]	[9541914]	[]
876_16602	chr16	15489541	15489941	+	591	32.0	[]	[]	[8.361351]	[90]	[]	[15489723]
876_16605	chr16	81636726	81637126	+	623	32.0	[8.361351]	[72]	[]	[]	[81636894]	[]
876_16607	chr17	35590360	35590760	+	546	32.0	[]	[]	[12.570299, 7.578352]	[135, 146]	[]	[35590591, 35590602]
876_1661	chr4	38872633	38873033	+	1000	106.0	[12.570299]	[116]	[12.570299]	[152]	[38872846]	[38872882]
876_16610	chr17	48048806	48049206	+	606	32.0	[]	[]	[12.570299]	[176]	[]	[48049031]
876_1662	chr4	112086727	112087127	+	1000	106.0	[12.570299]	[111]	[]	[]	[112086936]	[]
876_16622	chr2	54545667	54546067	+	596	32.0	[9.252844]	[160]	[9.252844]	[157]	[54545900]	[54545897]
876_16623	chr2	55227032	55227432	+	591	32.0	[8.361351]	[160]	[9.53014]	[125]	[55227265]	[55227230]
876_16624	chr2	64073930	64074330	+	615	32.0	[]	[]	[12.570299]	[143]	[]	[64074145]
876_16629	chr2	127373726	127374126	+	627	32.0	[]	[]	[7.5891633]	[92]	[]	[127373916]
876_1663	chr6	31820040	31820440	+	1000	106.0	[]	[]	[8.361351]	[118]	[]	[31820251]
876_16631	chr2	158619476	158619876	+	603	32.0	[]	[]	[10.2047415]	[188]	[]	[158619713]
876_16633	chr2	167848626	167849026	+	545	32.0	[8.009179]	[100]	[12.570299]	[143]	[167848785]	[167848828]
876_16634	chr2	167942471	167942871	+	632	32.0	[]	[]	[8.84223]	[171]	[]	[167942675]
876_16642	chr20	33829637	33830037	+	634	32.0	[7.676677]	[138]	[]	[]	[33829862]	[]
876_16644	chr20	47610847	47611247	+	604	32.0	[]	[]	[12.570299, 7.578352]	[86, 144]	[]	[47611011, 47611069]
876_16645	chr21	10421414	10421814	+	598	32.0	[]	[]	[7.7748694]	[206]	[]	[10421647]
876_16652	chr22	16641136	16641536	+	581	32.0	[]	[]	[8.182752]	[145]	[]	[16641357]
876_16657	chr22	19301697	19302097	+	629	32.0	[7.676677]	[140]	[]	[]	[19301912]	[]
876_16669	chr22	21909001	21909401	+	620	32.0	[9.252844]	[148]	[]	[]	[21909231]	[]
876_16676	chr3	16357274	16357674	+	622	32.0	[]	[]	[10.2047415]	[163]	[]	[16357487]
876_1668	chr1	202018633	202019033	+	1000	105.5	[]	[]	[12.570299]	[111]	[]	[202018831]
876_16688	chr3	193927465	193927865	+	605	32.0	[8.361351]	[110]	[]	[]	[193927659]	[]
876_16690	chr3	196684703	196685103	+	551	32.0	[]	[]	[10.2047415, 8.84223]	[77, 93]	[]	[196684876, 196684892]
876_16691	chr4	26879802	26880202	+	544	32.0	[9.252844]	[127]	[8.009179]	[98]	[26880025]	[26879996]
876_16695	chr4	68693449	68693849	+	647	32.0	[8.84223]	[148]	[8.361351]	[100]	[68693678]	[68693630]
876_16697	chr4	98514396	98514796	+	632	32.0	[12.570299]	[102]	[]	[]	[98514586]	[]
876_16700	chr4	132122781	132123181	+	583	32.0	[]	[]	[12.570299, 8.264141]	[112, 125]	[]	[132122984, 132122997]
876_16703	chr4	184447571	184447971	+	592	32.0	[8.361351]	[172]	[]	[]	[184447746]	[]
876_16709	chr5	75381441	75381841	+	635	32.0	[7.553737]	[114]	[]	[]	[75381619]	[]
876_1671	chr12	122488947	122489347	+	1000	105.5	[9.53014]	[91]	[12.570299]	[137]	[122489137]	[122489183]
876_16719	chr5	174251275	174251675	+	619	32.0	[]	[]	[12.570299]	[89]	[]	[174251463]
876_16720	chr6	6612611	6613011	+	622	32.0	[]	[]	[10.2047415, 12.570299]	[82, 123]	[]	[6612781, 6612822]
876_16724	chr6	20403829	20404229	+	586	32.0	[]	[]	[12.570299]	[135]	[]	[20404060]
876_1673	chr15	57510697	57511097	+	1000	105.5	[8.264141]	[71]	[]	[]	[57510857]	[]
876_16735	chr6	57045528	57045928	+	606	32.0	[]	[]	[12.570299]	[87]	[]	[57045682]
876_16736	chr6	57274067	57274467	+	630	32.0	[]	[]	[12.570299]	[136]	[]	[57274300]
876_16738	chr6	85684372	85684772	+	573	32.0	[12.570299]	[169]	[]	[]	[85684614]	[]
876_16740	chr6	106889173	106889573	+	621	32.0	[]	[]	[12.570299]	[106]	[]	[106889358]
876_16751	chr6	144415036	144415436	+	614	32.0	[10.2047415]	[62]	[]	[]	[144415197]	[]
876_16753	chr6	150878586	150878986	+	622	32.0	[12.570299]	[123]	[]	[]	[150878781]	[]
876_16754	chr6	156686421	156686821	+	605	32.0	[8.84223]	[128]	[]	[]	[156686581]	[]
876_16760	chr7	64793409	64793809	+	546	32.0	[8.361351]	[133]	[8.361351]	[83]	[64793615]	[64793565]
876_16762	chr7	77692082	77692482	+	544	32.0	[8.361351]	[112]	[]	[]	[77692270]	[]
876_16765	chr7	101058406	101058806	+	564	32.0	[]	[]	[12.570299]	[117]	[]	[101058606]
876_16767	chr7	106589371	106589771	+	602	32.0	[8.84223]	[172]	[9.252844]	[184]	[106589593]	[106589605]
876_16768	chr7	106607843	106608243	+	609	32.0	[]	[]	[12.570299]	[105]	[]	[106608041]
876_1677	chr21	37565870	37566270	+	1000	105.5	[12.570299]	[116]	[]	[]	[37566077]	[]
876_16770	chr7	107136262	107136662	+	613	32.0	[7.553737, 7.764176]	[180, 214]	[7.764176]	[213]	[107136467, 107136501]	[107136500]
876_16777	chr7	134834064	134834464	+	553	32.0	[]	[]	[7.5891633]	[137]	[]	[134834251]
876_16778	chr7	138935103	138935503	+	593	32.0	[]	[]	[10.2047415]	[200]	[]	[138935330]
876_1678	chr3	155248485	155248885	+	1000	105.5	[]	[]	[12.570299]	[70]	[]	[155248654]
876_16782	chr7	144859403	144859803	+	623	32.0	[9.53014]	[132]	[]	[]	[144859601]	[]
876_16783	chr7	148701344	148701744	+	641	32.0	[]	[]	[7.7748694]	[98]	[]	[148701498]
876_16784	chr7	150919428	150919828	+	627	32.0	[]	[]	[10.2047415]	[152]	[]	[150919615]
876_16789	chr8	28633606	28634006	+	651	32.0	[]	[]	[12.570299]	[152]	[]	[28633833]
876_1679	chr3	187098890	187099290	+	1000	105.5	[7.677661]	[118]	[]	[]	[187099100]	[]
876_16791	chr8	40555367	40555767	+	614	32.0	[10.2047415]	[96]	[]	[]	[40555561]	[]
876_16793	chr8	93666184	93666584	+	578	32.0	[12.570299, 10.2047415, 9.53014, 12.570299]	[74, 87, 108, 150]	[]	[]	[93666354, 93666367, 93666388, 93666430]	[]
876_16800	chr9	111960907	111961307	+	622	32.0	[12.570299]	[118]	[]	[]	[111961116]	[]
876_16805	chr9	131025120	131025520	+	624	32.0	[]	[]	[8.361351]	[78]	[]	[131025273]
876_16808	chrX	154732711	154733111	+	597	32.0	[]	[]	[12.570299]	[100]	[]	[154732899]
876_1681	chr5	150477158	150477558	+	1000	105.5	[]	[]	[8.84223]	[136]	[]	[150477376]
876_16814	chr1	27650839	27651239	+	587	31.5	[]	[]	[10.2047415]	[129]	[]	[27650994]
876_1682	chr8	41787396	41787796	+	1000	105.5	[10.2047415]	[123]	[]	[]	[41787607]	[]
876_16820	chr1	67826133	67826533	+	573	31.5	[]	[]	[8.182752]	[156]	[]	[67826351]
876_16822	chr1	84443235	84443635	+	618	31.5	[12.570299]	[126]	[]	[]	[84443437]	[]
876_16823	chr1	89563648	89564048	+	616	31.5	[12.570299]	[157]	[]	[]	[89563867]	[]
876_16824	chr1	91343919	91344319	+	624	31.5	[]	[]	[12.570299]	[103]	[]	[91344113]
876_16825	chr1	93844316	93844716	+	600	31.5	[]	[]	[12.570299]	[125]	[]	[93844504]
876_16826	chr1	99814377	99814777	+	573	31.5	[8.361351]	[131]	[]	[]	[99814606]	[]
876_16827	chr1	101309252	101309652	+	561	31.5	[12.570299]	[123]	[]	[]	[101309473]	[]
876_1683	chr8	99770233	99770633	+	1000	105.5	[7.553737]	[114]	[]	[]	[99770433]	[]
876_16831	chr1	118185516	118185916	+	609	31.5	[8.182752]	[172]	[]	[]	[118185703]	[]
876_16840	chr1	180178840	180179240	+	581	31.5	[]	[]	[9.53014]	[188]	[]	[180179073]
876_16842	chr1	184941094	184941494	+	573	31.5	[8.84223, 8.361351]	[138, 153]	[]	[]	[184941323, 184941338]	[]
876_16843	chr1	186848490	186848890	+	572	31.5	[]	[]	[12.570299]	[102]	[]	[186848679]
876_16844	chr1	202009453	202009853	+	594	31.5	[10.2047415]	[190]	[]	[]	[202009647]	[]
876_16845	chr1	206890729	206891129	+	567	31.5	[9.53014]	[90]	[]	[]	[206890918]	[]
876_1685	chr1	160949396	160949796	+	1000	105.0	[8.361351]	[131]	[8.84223]	[83]	[160949622]	[160949574]
876_16853	chr1	227849212	227849612	+	596	31.5	[]	[]	[12.570299]	[94]	[]	[227849405]
876_16857	chr10	17737302	17737702	+	586	31.5	[]	[]	[9.252844]	[157]	[]	[17737522]
876_16862	chr10	72999680	73000080	+	588	31.5	[7.677661]	[90]	[7.677661]	[89]	[72999856]	[72999855]
876_16863	chr10	74022908	74023308	+	598	31.5	[]	[]	[9.252844]	[144]	[]	[74023117]
876_16866	chr10	96587376	96587776	+	599	31.5	[]	[]	[12.570299]	[153]	[]	[96587589]
876_16867	chr10	96864187	96864587	+	544	31.5	[]	[]	[8.182752]	[118]	[]	[96864397]
876_16871	chr11	12042296	12042696	+	600	31.5	[]	[]	[10.2047415]	[119]	[]	[12042496]
876_16872	chr11	14337115	14337515	+	578	31.5	[]	[]	[8.361351]	[155]	[]	[14337344]
876_16873	chr11	34390773	34391173	+	592	31.5	[]	[]	[8.009179]	[136]	[]	[34390983]
876_16875	chr11	57434592	57434992	+	615	31.5	[8.84223]	[127]	[]	[]	[57434779]	[]
876_16876	chr11	63866221	63866621	+	600	31.5	[]	[]	[8.84223]	[83]	[]	[63866375]
876_16878	chr11	74175831	74176231	+	569	31.5	[]	[]	[10.2047415]	[99]	[]	[74175986]
876_16881	chr11	78302071	78302471	+	572	31.5	[12.570299]	[102]	[]	[]	[78302244]	[]
876_16882	chr11	93728939	93729339	+	589	31.5	[8.182752]	[223]	[]	[]	[93729184]	[]
876_16888	chr11	124069374	124069774	+	541	31.5	[]	[]	[12.570299]	[156]	[]	[124069604]
876_16891	chr12	42076982	42077382	+	561	31.5	[]	[]	[12.570299]	[138]	[]	[42077218]
876_16894	chr12	102598922	102599322	+	541	31.5	[]	[]	[12.570299]	[108]	[]	[102599126]
876_16895	chr12	104490978	104491378	+	583	31.5	[]	[]	[9.252844]	[89]	[]	[104491162]
876_169	chr17	82461940	82462340	+	1000	335.0	[9.252844]	[106]	[9.252844]	[103]	[82462143]	[82462140]
876_1690	chr2	126160939	126161339	+	1000	105.0	[12.570299]	[102]	[]	[]	[126161140]	[]
876_16902	chr13	80764164	80764564	+	588	31.5	[9.252844]	[134]	[]	[]	[80764358]	[]
876_16906	chr13	90083737	90084137	+	602	31.5	[]	[]	[9.53014]	[118]	[]	[90083915]
876_16908	chr13	90506876	90507276	+	593	31.5	[7.676677]	[150]	[]	[]	[90507058]	[]
876_16909	chr13	90646997	90647397	+	598	31.5	[7.676677]	[54]	[]	[]	[90647150]	[]
876_16912	chr13	90845538	90845938	+	549	31.5	[10.2047415]	[103]	[10.2047415]	[112]	[90845729]	[90845738]
876_16913	chr13	90955681	90956081	+	565	31.5	[]	[]	[9.252844]	[83]	[]	[90955843]
876_1692	chr3	156795868	156796268	+	1000	105.0	[7.5891633, 10.2047415]	[57, 107]	[]	[]	[156796019, 156796069]	[]
876_16922	chr14	34652427	34652827	+	595	31.5	[]	[]	[12.570299, 7.553737]	[67, 80]	[]	[34652582, 34652595]
876_1693	chr4	169070764	169071164	+	1000	105.0	[12.570299]	[90]	[]	[]	[169070951]	[]
876_16935	chr17	39980588	39980988	+	563	31.5	[]	[]	[8.361351]	[125]	[]	[39980767]
876_16937	chr17	56203470	56203870	+	620	31.5	[]	[]	[8.009179]	[99]	[]	[56203667]
876_16942	chr18	2303953	2304353	+	577	31.5	[]	[]	[7.7748694]	[204]	[]	[2304160]
876_16959	chr2	55391823	55392223	+	594	31.5	[]	[]	[8.361351]	[159]	[]	[55392055]
876_16962	chr2	84969027	84969427	+	597	31.5	[]	[]	[10.2047415]	[98]	[]	[84969195]
876_16965	chr2	157420869	157421269	+	547	31.5	[8.009179, 7.578352]	[150, 192]	[]	[]	[157421062, 157421104]	[]
876_16967	chr2	170299713	170300113	+	545	31.5	[]	[]	[12.570299]	[113]	[]	[170299919]
876_1697	chr1	207826392	207826792	+	1000	104.5	[]	[]	[12.570299]	[96]	[]	[207826584]
876_16979	chr21	32613638	32614038	+	591	31.5	[9.252844]	[108]	[]	[]	[32613825]	[]
876_16985	chr22	19289095	19289495	+	549	31.5	[]	[]	[7.7748694]	[145]	[]	[19289292]
876_16989	chr22	19685183	19685583	+	602	31.5	[8.84223]	[119]	[8.264141]	[93]	[19685380]	[19685354]
876_1699	chr11	78429205	78429605	+	1000	104.5	[7.677661]	[98]	[]	[]	[78429403]	[]
876_16999	chr3	4218873	4219273	+	574	31.5	[8.361351]	[110]	[8.84223]	[153]	[4219076]	[4219119]
876_17000	chr3	5019679	5020079	+	574	31.5	[]	[]	[7.764176]	[99]	[]	[5019836]
876_17013	chr3	45024659	45025059	+	572	31.5	[12.570299]	[120]	[]	[]	[45024867]	[]
876_17017	chr3	152231877	152232277	+	584	31.5	[10.2047415]	[119]	[]	[]	[152232072]	[]
876_17021	chr3	189022557	189022957	+	569	31.5	[]	[]	[12.570299]	[146]	[]	[189022780]
876_17022	chr4	8909541	8909941	+	557	31.5	[]	[]	[12.570299]	[136]	[]	[8909765]
876_17023	chr4	38365704	38366104	+	586	31.5	[]	[]	[12.570299]	[101]	[]	[38365893]
876_17028	chr4	159125007	159125407	+	589	31.5	[]	[]	[8.264141, 10.2047415]	[129, 146]	[]	[159125234, 159125251]
876_1703	chr14	59448692	59449092	+	1000	104.5	[]	[]	[12.570299, 7.553737]	[99, 112]	[]	[59448883, 59448896]
876_17030	chr5	39188114	39188514	+	610	31.5	[7.5891633]	[176]	[]	[]	[39188361]	[]
876_17032	chr5	71398827	71399227	+	612	31.5	[8.361351]	[102]	[]	[]	[71399020]	[]
876_17043	chr6	10834901	10835301	+	603	31.5	[8.264141]	[120]	[8.009179]	[145]	[10835114]	[10835139]
876_17044	chr6	11111705	11112105	+	558	31.5	[]	[]	[12.570299]	[132]	[]	[11111867]
876_17049	chr6	26034268	26034668	+	571	31.5	[]	[]	[8.182752, 7.764176]	[191, 202]	[]	[26034491, 26034502]
876_17054	chr6	28709160	28709560	+	606	31.5	[]	[]	[9.53014]	[170]	[]	[28709344]
876_17059	chr6	37128591	37128991	+	593	31.5	[7.764176]	[200]	[7.764176]	[199]	[37128809]	[37128808]
876_17060	chr6	37304023	37304423	+	579	31.5	[8.361351, 7.676677]	[94, 169]	[]	[]	[37304191, 37304266]	[]
876_17067	chr6	111958504	111958904	+	581	31.5	[]	[]	[9.53014, 9.252844]	[64, 91]	[]	[111958661, 111958688]
876_17072	chr6	144202577	144202977	+	545	31.5	[12.570299]	[150]	[8.182752]	[77]	[144202814]	[144202741]
876_17075	chr6	158882889	158883289	+	541	31.5	[7.553737]	[159]	[]	[]	[158883130]	[]
876_17078	chr7	6126494	6126894	+	610	31.5	[12.570299, 12.570299]	[89, 141]	[]	[]	[6126670, 6126722]	[]
876_17079	chr7	12796702	12797102	+	613	31.5	[]	[]	[8.264141]	[80]	[]	[12796871]
876_1708	chr2	46477454	46477854	+	1000	104.5	[]	[]	[12.570299]	[97]	[]	[46477649]
876_17087	chr7	123555468	123555868	+	608	31.5	[]	[]	[10.2047415]	[142]	[]	[123555681]
876_1709	chr2	157566622	157567022	+	1000	104.5	[12.570299]	[99]	[]	[]	[157566816]	[]
876_17099	chr8	89958141	89958541	+	579	31.5	[8.361351]	[143]	[]	[]	[89958348]	[]
876_17103	chr9	76394917	76395317	+	552	31.5	[10.2047415]	[161]	[]	[]	[76395163]	[]
876_17107	chr9	120893868	120894268	+	577	31.5	[8.361351]	[228]	[]	[]	[120894108]	[]
876_17115	chrX	135030349	135030749	+	600	31.5	[]	[]	[8.361351]	[77]	[]	[135030508]
876_17116	chrX	139052496	139052896	+	561	31.5	[8.361351]	[110]	[]	[]	[139052700]	[]
876_17121	chr1	27013136	27013536	+	580	31.0	[9.53014]	[183]	[]	[]	[27013359]	[]
876_17124	chr1	31962546	31962946	+	557	31.0	[]	[]	[12.570299]	[95]	[]	[31962736]
876_17125	chr1	33350612	33351012	+	572	31.0	[]	[]	[10.2047415]	[117]	[]	[33350782]
876_17129	chr1	50906909	50907309	+	574	31.0	[]	[]	[8.009179]	[136]	[]	[50907113]
876_17130	chr1	54070057	54070457	+	564	31.0	[]	[]	[7.5891633]	[162]	[]	[54070305]
876_1714	chr6	149185888	149186288	+	1000	104.5	[]	[]	[8.361351]	[104]	[]	[149186089]
876_17144	chr1	201970349	201970749	+	576	31.0	[12.570299]	[90]	[]	[]	[201970538]	[]
876_1715	chr7	106615797	106616197	+	1000	104.5	[8.361351]	[157]	[7.553737]	[168]	[106616025]	[106616036]
876_17154	chr1	247209583	247209983	+	566	31.0	[]	[]	[12.570299]	[182]	[]	[247209777]
876_17160	chr10	79020075	79020475	+	546	31.0	[9.53014]	[173]	[]	[]	[79020315]	[]
876_17164	chr10	104533737	104534137	+	578	31.0	[]	[]	[12.570299]	[73]	[]	[104533903]
876_17166	chr11	5277826	5278226	+	545	31.0	[8.361351]	[98]	[]	[]	[5277979]	[]
876_17168	chr11	9652239	9652639	+	565	31.0	[]	[]	[7.5891633]	[134]	[]	[9652456]
876_1717	chr11	57800528	57800928	+	1000	104.0	[]	[]	[8.361351]	[78]	[]	[57800698]
876_17170	chr11	12997770	12998170	+	569	31.0	[8.84223]	[184]	[12.570299]	[105]	[12998004]	[12997925]
876_17171	chr11	18419059	18419459	+	558	31.0	[]	[]	[10.2047415]	[137]	[]	[18419267]
876_17172	chr11	19342095	19342495	+	574	31.0	[7.676677, 12.570299]	[84, 129]	[]	[]	[19342259, 19342304]	[]
876_1718	chr11	76074399	76074799	+	1000	104.0	[]	[]	[8.361351]	[105]	[]	[76074599]
876_17183	chr12	56928291	56928691	+	567	31.0	[9.53014]	[79]	[]	[]	[56928466]	[]
876_17187	chr13	80834489	80834889	+	548	31.0	[8.84223]	[146]	[]	[]	[80834711]	[]
876_1719	chr12	31718658	31719058	+	1000	104.0	[]	[]	[12.570299]	[99]	[]	[31718851]
876_17190	chr13	89982790	89983190	+	579	31.0	[]	[]	[8.361351]	[174]	[]	[89982997]
876_17195	chr13	90847740	90848140	+	561	31.0	[9.53014]	[207]	[]	[]	[90847960]	[]
876_17197	chr13	91316186	91316586	+	553	31.0	[8.84223]	[222]	[]	[]	[91316414]	[]
876_172	chr6	136610298	136610698	+	1000	332.5	[12.570299]	[107]	[]	[]	[136610504]	[]
876_1720	chr12	50841774	50842174	+	1000	104.0	[]	[]	[12.570299]	[126]	[]	[50841980]
876_17202	chr13	91800980	91801380	+	557	31.0	[]	[]	[8.84223]	[117]	[]	[91801165]
876_17203	chr13	92508384	92508784	+	569	31.0	[10.2047415]	[134]	[]	[]	[92508587]	[]
876_17208	chr15	64611056	64611456	+	573	31.0	[12.570299]	[101]	[]	[]	[64611227]	[]
876_1721	chr12	110060230	110060630	+	1000	104.0	[12.570299]	[93]	[]	[]	[110060404]	[]
876_17212	chr16	57062307	57062707	+	549	31.0	[]	[]	[8.361351, 9.252844]	[87, 108]	[]	[57062494, 57062515]
876_17214	chr16	69763161	69763561	+	577	31.0	[]	[]	[12.570299]	[200]	[]	[69763402]
876_17216	chr17	37239738	37240138	+	541	31.0	[12.570299]	[106]	[]	[]	[37239930]	[]
876_17221	chr17	76839686	76840086	+	567	31.0	[10.2047415]	[81]	[]	[]	[76839861]	[]
876_17235	chr2	134771250	134771650	+	556	31.0	[12.570299]	[73]	[]	[]	[134771405]	[]
876_17244	chr20	46684468	46684868	+	543	31.0	[]	[]	[8.361351]	[199]	[]	[46684688]
876_17247	chr20	62935383	62935783	+	558	31.0	[]	[]	[8.361351]	[207]	[]	[62935627]
876_17248	chr21	29644429	29644829	+	566	31.0	[7.5891633]	[146]	[]	[]	[29644674]	[]
876_17250	chr22	16784580	16784980	+	562	31.0	[]	[]	[7.764176]	[243]	[]	[16784828]
876_1726	chr6	52725786	52726186	+	1000	104.0	[8.009179, 8.361351]	[84, 123]	[]	[]	[52725956, 52725995]	[]
876_17263	chr3	14266677	14267077	+	573	31.0	[7.7748694]	[83]	[12.570299]	[106]	[14266859]	[14266882]
876_17265	chr3	20352789	20353189	+	554	31.0	[]	[]	[8.361351]	[83]	[]	[20352969]
876_17267	chr3	52081006	52081406	+	563	31.0	[10.2047415]	[103]	[]	[]	[52081201]	[]
876_17268	chr3	52872175	52872575	+	569	31.0	[]	[]	[10.2047415, 12.570299]	[144, 166]	[]	[52872356, 52872378]
876_17269	chr3	57999435	57999835	+	554	31.0	[9.252844]	[143]	[9.252844, 7.676677]	[140, 153]	[57999630]	[57999627, 57999640]
876_1727	chr7	69654381	69654781	+	1000	104.0	[9.252844]	[124]	[]	[]	[69654584]	[]
876_17273	chr4	40211824	40212224	+	560	31.0	[12.570299]	[106]	[]	[]	[40212026]	[]
876_17279	chr5	10738584	10738984	+	573	31.0	[12.570299]	[161]	[]	[]	[10738809]	[]
876_1728	chr11	13873756	13874156	+	1000	103.5	[7.764176, 12.570299]	[72, 81]	[]	[]	[13873924, 13873933]	[]
876_17283	chr5	69332770	69333170	+	545	31.0	[7.578352]	[134]	[]	[]	[69332982]	[]
876_17284	chr5	88685362	88685762	+	550	31.0	[]	[]	[9.252844]	[133]	[]	[88685591]
876_17292	chr5	174487459	174487859	+	575	31.0	[8.361351]	[98]	[]	[]	[174487651]	[]
876_17294	chr6	10861083	10861483	+	578	31.0	[]	[]	[8.361351, 9.53014]	[99, 130]	[]	[10861277, 10861308]
876_17300	chr6	30533393	30533793	+	560	31.0	[9.53014, 12.570299]	[95, 144]	[]	[]	[30533573, 30533622]	[]
876_17302	chr6	42893841	42894241	+	550	31.0	[8.009179]	[179]	[]	[]	[42894041]	[]
876_1731	chr3	8372072	8372472	+	1000	103.5	[10.2047415]	[109]	[]	[]	[8372272]	[]
876_17311	chr6	139656010	139656410	+	566	31.0	[7.676677]	[118]	[]	[]	[139656191]	[]
876_17314	chr6	149499098	149499498	+	578	31.0	[12.570299]	[173]	[]	[]	[149499348]	[]
876_17316	chr6	159852857	159853257	+	578	31.0	[]	[]	[9.53014]	[130]	[]	[159853056]
876_17317	chr6	159999224	159999624	+	576	31.0	[]	[]	[9.252844]	[144]	[]	[159999452]
876_17321	chr7	95649552	95649952	+	583	31.0	[10.2047415]	[175]	[]	[]	[95649783]	[]
876_17323	chr7	106780999	106781399	+	577	31.0	[9.53014]	[182]	[7.5891633]	[190]	[106781204]	[106781212]
876_17324	chr7	108028074	108028474	+	568	31.0	[9.53014]	[82]	[]	[]	[108028252]	[]
876_17329	chr7	131330152	131330552	+	546	31.0	[12.570299]	[196]	[]	[]	[131330382]	[]
876_1733	chr6	20173879	20174279	+	1000	103.5	[12.570299]	[128]	[]	[]	[20174097]	[]
876_17331	chr7	135467157	135467557	+	542	31.0	[8.361351, 8.009179]	[146, 162]	[]	[]	[135467392, 135467408]	[]
876_17332	chr7	135944853	135945253	+	585	31.0	[8.182752, 7.7748694]	[211, 231]	[]	[]	[135945081, 135945101]	[]
876_1734	chr6	49776451	49776851	+	1000	103.5	[7.7748694]	[155]	[7.578352]	[91]	[49776702]	[49776638]
876_17343	chr8	124649003	124649403	+	584	31.0	[]	[]	[9.53014]	[93]	[]	[124649185]
876_17345	chr9	34328537	34328937	+	558	31.0	[12.570299]	[164]	[]	[]	[34328768]	[]
876_1735	chr7	25603322	25603722	+	1000	103.5	[12.570299]	[67]	[]	[]	[25603489]	[]
876_17357	chr1	70675023	70675423	+	549	30.5	[]	[]	[9.53014]	[120]	[]	[70675235]
876_17358	chr1	113675337	113675737	+	540	30.5	[]	[]	[8.182752]	[144]	[]	[113675519]
876_1736	chr7	107319916	107320316	+	1000	103.5	[8.361351]	[145]	[]	[]	[107320154]	[]
876_17360	chr1	155126501	155126901	+	563	30.5	[]	[]	[12.570299]	[160]	[]	[155126742]
876_17364	chr1	176858451	176858851	+	551	30.5	[8.182752, 8.182752]	[100, 108]	[]	[]	[176858649, 176858657]	[]
876_1737	chr1	213045761	213046161	+	1000	103.0	[]	[]	[7.676677, 12.570299]	[96, 144]	[]	[213045955, 213046003]
876_17372	chr1	224042608	224043008	+	549	30.5	[12.570299]	[148]	[]	[]	[224042815]	[]
876_17377	chr10	70827070	70827470	+	548	30.5	[]	[]	[12.570299]	[134]	[]	[70827289]
876_1738	chr12	33520993	33521393	+	1000	103.0	[12.570299]	[107]	[]	[]	[33521194]	[]
876_17380	chr10	80770284	80770684	+	550	30.5	[10.2047415]	[87]	[]	[]	[80770468]	[]
876_17382	chr11	5288758	5289158	+	548	30.5	[]	[]	[9.252844]	[126]	[]	[5288938]
876_17384	chr11	72430973	72431373	+	552	30.5	[8.361351]	[146]	[]	[]	[72431210]	[]
876_17385	chr11	85665855	85666255	+	556	30.5	[7.578352]	[122]	[]	[]	[85666040]	[]
876_17387	chr12	25691605	25692005	+	545	30.5	[]	[]	[7.7748694]	[95]	[]	[25691771]
876_1739	chr16	19842796	19843196	+	1000	103.0	[]	[]	[8.361351]	[131]	[]	[19843014]
876_17393	chr12	110227125	110227525	+	555	30.5	[7.578352]	[127]	[]	[]	[110227336]	[]
876_17394	chr12	112116644	112117044	+	545	30.5	[8.361351]	[127]	[]	[]	[112116859]	[]
876_17396	chr13	80806857	80807257	+	556	30.5	[9.53014]	[164]	[]	[]	[80807107]	[]
876_17400	chr13	90768779	90769179	+	552	30.5	[]	[]	[12.570299]	[112]	[]	[90768952]
876_17404	chr13	92457133	92457533	+	541	30.5	[7.7748694]	[185]	[8.182752]	[192]	[92457361]	[92457368]
876_17408	chr14	19896193	19896593	+	542	30.5	[8.361351]	[111]	[]	[]	[19896358]	[]
876_17409	chr15	34284897	34285297	+	550	30.5	[]	[]	[7.7748694]	[114]	[]	[34285097]
876_1741	chr2	156254753	156255153	+	1000	103.0	[12.570299]	[137]	[]	[]	[156254986]	[]
876_17416	chr19	15418190	15418590	+	544	30.5	[]	[]	[10.2047415]	[107]	[]	[15418386]
876_1743	chr20	45935242	45935642	+	1000	103.0	[]	[]	[9.53014]	[62]	[]	[45935395]
876_17432	chr3	5762480	5762880	+	548	30.5	[9.252844]	[105]	[]	[]	[5762673]	[]
876_17433	chr3	14273804	14274204	+	554	30.5	[8.264141]	[131]	[]	[]	[14274024]	[]
876_17435	chr3	111577734	111578134	+	560	30.5	[9.252844]	[121]	[8.182752]	[141]	[111577925]	[111577945]
876_17443	chr4	76802411	76802811	+	548	30.5	[]	[]	[7.5891633, 12.570299]	[151, 164]	[]	[76802626, 76802639]
876_17445	chr5	26680231	26680631	+	540	30.5	[]	[]	[8.361351]	[108]	[]	[26680439]
876_17446	chr5	113032415	113032815	+	549	30.5	[]	[]	[8.84223]	[123]	[]	[113032608]
876_17451	chr5	178127430	178127830	+	554	30.5	[]	[]	[7.677661]	[111]	[]	[178127627]
876_17459	chr6	87896910	87897310	+	553	30.5	[8.009179]	[152]	[10.2047415]	[116]	[87897151]	[87897115]
876_1746	chr6	139973957	139974357	+	1000	103.0	[9.53014]	[99]	[8.182752]	[164]	[139974135]	[139974200]
876_17462	chr6	139742555	139742955	+	545	30.5	[8.009179]	[211]	[10.2047415]	[244]	[139742771]	[139742804]
876_17463	chr6	152969541	152969941	+	542	30.5	[8.009179]	[156]	[]	[]	[152969716]	[]
876_17464	chr7	44987902	44988302	+	565	30.5	[10.2047415, 7.677661]	[181, 205]	[]	[]	[44988105, 44988129]	[]
876_17476	chr7	139828935	139829335	+	559	30.5	[]	[]	[9.53014]	[120]	[]	[139829130]
876_1748	chr7	25926925	25927325	+	1000	103.0	[10.2047415]	[101]	[]	[]	[25927125]	[]
876_17486	chrX	46531376	46531776	+	543	30.5	[12.570299, 7.676677]	[115, 173]	[]	[]	[46531557, 46531615]	[]
876_17487	chr11	60906714	60907114	+	544	30.0	[7.676677]	[115]	[]	[]	[60906879]	[]
876_17488	chr16	65624176	65624576	+	540	30.0	[]	[]	[12.570299]	[102]	[]	[65624376]
876_17491	chr7	105600210	105600610	+	542	30.0	[]	[]	[8.009179]	[143]	[]	[105600438]
876_175	chr5	153671685	153672085	+	1000	328.5	[12.570299]	[94]	[]	[]	[153671879]	[]
876_1751	chr1	64952547	64952947	+	1000	102.5	[10.2047415, 8.264141]	[135, 148]	[12.570299]	[102]	[64952781, 64952794]	[64952748]
876_1752	chr1	69888014	69888414	+	1000	102.5	[]	[]	[12.570299]	[81]	[]	[69888170]
876_1753	chr1	101071600	101072000	+	1000	102.5	[12.570299, 9.252844]	[102, 110]	[]	[]	[101071797, 101071805]	[]
876_1754	chr1	109979657	109980057	+	1000	102.5	[]	[]	[12.570299]	[112]	[]	[109979860]
876_1756	chr10	17213991	17214391	+	1000	102.5	[8.361351]	[96]	[7.677661]	[57]	[17214185]	[17214146]
876_1760	chr3	126791287	126791687	+	1000	102.5	[]	[]	[12.570299]	[111]	[]	[126791495]
876_1761	chr5	19099225	19099625	+	1000	102.5	[8.361351]	[113]	[]	[]	[19099427]	[]
876_1762	chr6	143034941	143035341	+	1000	102.5	[]	[]	[12.570299]	[127]	[]	[143035161]
876_1766	chr1	47922090	47922490	+	1000	102.0	[]	[]	[7.578352]	[62]	[]	[47922245]
876_1769	chr10	71753583	71753983	+	1000	102.0	[]	[]	[7.5891633]	[90]	[]	[71753753]
876_177	chr3	186606240	186606640	+	1000	328.0	[7.5891633, 8.361351]	[56, 131]	[10.2047415]	[72]	[186606396, 186606471]	[186606412]
876_1770	chr11	59960433	59960833	+	1000	102.0	[8.182752]	[103]	[]	[]	[59960633]	[]
876_1771	chr12	111954954	111955354	+	1000	102.0	[]	[]	[8.361351]	[91]	[]	[111955137]
876_1773	chr2	169134293	169134693	+	1000	102.0	[]	[]	[7.553737]	[134]	[]	[169134521]
876_1774	chr2	172519328	172519728	+	1000	102.0	[]	[]	[12.570299, 8.009179]	[106, 133]	[]	[172519527, 172519554]
876_1775	chr20	22411891	22412291	+	1000	102.0	[]	[]	[12.570299]	[102]	[]	[22412091]
876_1776	chr20	46562488	46562888	+	1000	102.0	[10.2047415]	[109]	[]	[]	[46562696]	[]
876_1778	chr3	100602476	100602876	+	1000	102.0	[9.53014]	[103]	[]	[]	[100602663]	[]
876_1785	chr7	97532796	97533196	+	1000	102.0	[12.570299]	[144]	[]	[]	[97533030]	[]
876_1787	chr1	113388611	113389011	+	1000	101.5	[]	[]	[12.570299]	[94]	[]	[113388799]
876_1791	chr15	87463967	87464367	+	1000	101.5	[12.570299]	[133]	[]	[]	[87464197]	[]
876_1793	chr17	64985127	64985527	+	1000	101.5	[]	[]	[10.2047415]	[78]	[]	[64985292]
876_1794	chr19	8681333	8681733	+	1000	101.5	[12.570299, 12.570299]	[108, 120]	[]	[]	[8681535, 8681547]	[]
876_180	chr1	243505916	243506316	+	1000	322.5	[8.361351]	[119]	[]	[]	[243506128]	[]
876_1800	chr7	140241996	140242396	+	1000	101.5	[]	[]	[9.53014]	[114]	[]	[140242209]
876_1802	chr9	92115380	92115780	+	1000	101.5	[]	[]	[12.570299]	[81]	[]	[92115559]
876_1803	chr9	98310771	98311171	+	1000	101.5	[]	[]	[9.53014, 7.7748694]	[135, 141]	[]	[98311004, 98311010]
876_1807	chr18	31353319	31353719	+	1000	101.0	[]	[]	[12.570299]	[105]	[]	[31353522]
876_1808	chr20	672646	673046	+	1000	101.0	[]	[]	[12.570299]	[71]	[]	[672808]
876_1809	chr20	36770657	36771057	+	1000	101.0	[9.252844]	[106]	[9.252844]	[103]	[36770857]	[36770854]
876_1812	chr6	26031147	26031547	+	1000	101.0	[8.84223]	[135]	[8.84223]	[132]	[26031357]	[26031354]
876_1813	chr6	28687345	28687745	+	1000	101.0	[]	[]	[8.361351]	[108]	[]	[28687541]
876_1814	chrX	30638360	30638760	+	1000	101.0	[12.570299, 8.84223]	[115, 154]	[]	[]	[30638570, 30638609]	[]
876_1819	chr11	34727210	34727610	+	1000	100.5	[]	[]	[12.570299]	[158]	[]	[34727451]
876_1820	chr11	118742278	118742678	+	1000	100.5	[7.7748694]	[76]	[8.264141]	[140]	[118742453]	[118742517]
876_1821	chr14	23173804	23174204	+	1000	100.5	[8.264141, 10.2047415]	[103, 141]	[]	[]	[23173986, 23174024]	[]
876_1823	chr15	90513511	90513911	+	1000	100.5	[12.570299]	[159]	[]	[]	[90513745]	[]
876_1825	chr19	35172959	35173359	+	1000	100.5	[10.2047415]	[108]	[]	[]	[35173146]	[]
876_1826	chr2	68440576	68440976	+	1000	100.5	[8.361351, 8.361351]	[74, 105]	[]	[]	[68440739, 68440770]	[]
876_1828	chr5	127080052	127080452	+	1000	100.5	[]	[]	[8.361351]	[108]	[]	[127080259]
876_1829	chr6	135093502	135093902	+	1000	100.5	[]	[]	[9.252844]	[108]	[]	[135093692]
876_183	chr9	68508437	68508837	+	1000	319.0	[]	[]	[9.53014, 12.570299]	[54, 91]	[]	[68508591, 68508628]
876_1830	chr7	121438426	121438826	+	1000	100.5	[]	[]	[12.570299]	[111]	[]	[121438630]
876_1831	chr8	37881792	37882192	+	1000	100.5	[10.2047415]	[98]	[8.182752]	[86]	[37881990]	[37881978]
876_1836	chr10	104253156	104253556	+	1000	100.0	[12.570299]	[107]	[]	[]	[104253351]	[]
876_184	chr20	32325794	32326194	+	1000	318.5	[12.570299]	[98]	[]	[]	[32325991]	[]
876_1840	chr16	67160159	67160559	+	1000	100.0	[9.252844]	[140]	[9.252844]	[137]	[67160392]	[67160389]
876_1841	chr17	60886774	60887174	+	1000	100.0	[]	[]	[12.570299]	[129]	[]	[60886997]
876_1844	chr2	43293812	43294212	+	1000	100.0	[]	[]	[8.361351]	[81]	[]	[43293973]
876_1846	chr20	1122456	1122856	+	1000	100.0	[]	[]	[9.252844, 7.553737]	[107, 166]	[]	[1122643, 1122702]
876_1848	chr3	17695565	17695965	+	1000	100.0	[8.361351]	[121]	[]	[]	[17695780]	[]
876_1853	chr6	150312415	150312815	+	1000	100.0	[]	[]	[12.570299]	[105]	[]	[150312613]
876_1858	chr11	43746750	43747150	+	1000	99.5	[]	[]	[8.361351]	[67]	[]	[43746902]
876_1861	chr12	12757580	12757980	+	1000	99.5	[]	[]	[10.2047415]	[88]	[]	[12757758]
876_1862	chr12	12883302	12883702	+	1000	99.5	[]	[]	[12.570299, 7.7748694]	[76, 160]	[]	[12883458, 12883542]
876_1863	chr12	32446290	32446690	+	1000	99.5	[9.252844]	[76]	[7.676677]	[138]	[32446443]	[32446505]
876_1864	chr16	67984955	67985355	+	1000	99.5	[]	[]	[9.53014]	[123]	[]	[67985170]
876_1865	chr17	39018776	39019176	+	1000	99.5	[]	[]	[9.53014]	[144]	[]	[39019000]
876_1867	chr2	170244568	170244968	+	1000	99.5	[12.570299]	[93]	[]	[]	[170244752]	[]
876_1870	chr6	43704774	43705174	+	1000	99.5	[10.2047415]	[87]	[10.2047415, 10.2047415]	[125, 152]	[43704956]	[43704994, 43705021]
876_1871	chr7	116409093	116409493	+	1000	99.5	[12.570299]	[136]	[]	[]	[116409328]	[]
876_1872	chr8	60130137	60130537	+	1000	99.5	[]	[]	[12.570299]	[106]	[]	[60130343]
876_1876	chr12	66164330	66164730	+	1000	99.0	[8.361351]	[140]	[]	[]	[66164555]	[]
876_1877	chr15	96125650	96126050	+	1000	99.0	[]	[]	[8.361351]	[85]	[]	[96125823]
876_1878	chr16	89186891	89187291	+	1000	99.0	[12.570299]	[92]	[]	[]	[89187082]	[]
876_1879	chr17	66343602	66344002	+	1000	99.0	[]	[]	[9.53014]	[138]	[]	[66343828]
876_188	chr5	130897818	130898218	+	1000	315.0	[12.570299]	[94]	[]	[]	[130898010]	[]
876_1885	chr5	110726898	110727298	+	1000	99.0	[12.570299, 8.182752, 8.84223]	[90, 123, 143]	[]	[]	[110727088, 110727121, 110727141]	[]
876_1886	chr5	143124595	143124995	+	1000	99.0	[]	[]	[8.361351]	[127]	[]	[143124810]
876_1887	chr6	20201947	20202347	+	1000	99.0	[]	[]	[9.252844]	[102]	[]	[20202141]
876_1888	chr10	7967062	7967462	+	1000	98.5	[]	[]	[9.252844]	[76]	[]	[7967238]
876_1889	chr11	12125476	12125876	+	1000	98.5	[12.570299]	[99]	[]	[]	[12125666]	[]
876_1891	chr11	59623227	59623627	+	1000	98.5	[]	[]	[12.570299]	[106]	[]	[59623425]
876_1892	chr12	110079601	110080001	+	1000	98.5	[12.570299]	[104]	[]	[]	[110079801]	[]
876_1895	chr3	15294116	15294516	+	1000	98.5	[]	[]	[12.570299]	[151]	[]	[15294340]
876_1902	chr1	41245697	41246097	+	1000	98.0	[7.7748694]	[123]	[9.53014]	[76]	[41245912]	[41245865]
876_1903	chr1	65467515	65467915	+	1000	98.0	[]	[]	[12.570299]	[109]	[]	[65467716]
876_1904	chr10	29008320	29008720	+	1000	98.0	[12.570299]	[132]	[]	[]	[29008521]	[]
876_1905	chr11	62467749	62468149	+	1000	98.0	[12.570299]	[161]	[]	[]	[62467982]	[]
876_1906	chr11	118449508	118449908	+	1000	98.0	[]	[]	[12.570299]	[134]	[]	[118449728]
876_1907	chr13	25352155	25352555	+	1000	98.0	[8.009179]	[60]	[]	[]	[25352314]	[]
876_1910	chr16	72627507	72627907	+	1000	98.0	[12.570299]	[147]	[]	[]	[72627743]	[]
876_1912	chr17	58412906	58413306	+	1000	98.0	[9.53014, 7.553737]	[87, 134]	[]	[]	[58413086, 58413133]	[]
876_1914	chr2	151651229	151651629	+	1000	98.0	[10.2047415]	[91]	[7.578352]	[155]	[151651410]	[151651474]
876_1916	chr22	19935218	19935618	+	1000	98.0	[]	[]	[8.84223, 9.53014]	[89, 98]	[]	[19935405, 19935414]
876_1919	chr4	127926792	127927192	+	1000	98.0	[12.570299]	[96]	[]	[]	[127926986]	[]
876_1921	chr6	116070933	116071333	+	1000	98.0	[12.570299]	[119]	[]	[]	[116071141]	[]
876_1923	chr8	9102188	9102588	+	1000	98.0	[8.361351]	[109]	[]	[]	[9102388]	[]
876_1924	chrX	44915504	44915904	+	1000	98.0	[]	[]	[12.570299]	[113]	[]	[44915714]
876_1925	chr1	99405298	99405698	+	1000	97.5	[]	[]	[12.570299]	[101]	[]	[99405498]
876_1927	chr1	204214215	204214615	+	1000	97.5	[]	[]	[8.361351]	[115]	[]	[204214428]
876_1929	chr11	93491225	93491625	+	1000	97.5	[]	[]	[12.570299]	[93]	[]	[93491417]
876_1930	chr12	50387404	50387804	+	1000	97.5	[]	[]	[12.570299]	[121]	[]	[50387620]
876_1934	chr15	51240059	51240459	+	1000	97.5	[10.2047415]	[121]	[12.570299]	[108]	[51240273]	[51240260]
876_1935	chr15	51569082	51569482	+	1000	97.5	[12.570299]	[140]	[]	[]	[51569307]	[]
876_1936	chr16	4614679	4615079	+	1000	97.5	[]	[]	[10.2047415]	[139]	[]	[4614892]
876_1937	chr16	24986865	24987265	+	1000	97.5	[9.53014, 9.53014, 9.53014]	[95, 122, 157]	[]	[]	[24987046, 24987073, 24987108]	[]
876_1940	chr17	48499702	48500102	+	1000	97.5	[12.570299, 8.84223]	[104, 151]	[]	[]	[48499901, 48499948]	[]
876_1946	chr3	45411070	45411470	+	1000	97.5	[12.570299]	[117]	[]	[]	[45411281]	[]
876_1948	chr3	172101098	172101498	+	1000	97.5	[]	[]	[8.361351]	[112]	[]	[172101307]
876_1949	chr4	31349841	31350241	+	1000	97.5	[12.570299]	[82]	[]	[]	[31350022]	[]
876_1950	chr4	68361214	68361614	+	1000	97.5	[12.570299]	[92]	[]	[]	[68361406]	[]
876_1951	chr4	102761276	102761676	+	1000	97.5	[12.570299]	[97]	[]	[]	[102761472]	[]
876_1953	chr5	148807843	148808243	+	1000	97.5	[7.578352]	[106]	[12.570299]	[77]	[148808046]	[148808017]
876_1954	chr6	11299113	11299513	+	1000	97.5	[12.570299]	[109]	[]	[]	[11299314]	[]
876_1956	chr6	72552902	72553302	+	1000	97.5	[7.677661]	[107]	[7.677661, 10.2047415]	[106, 146]	[72553089]	[72553088, 72553128]
876_1957	chr6	78875455	78875855	+	1000	97.5	[12.570299, 9.252844, 9.53014]	[126, 137, 164]	[]	[]	[78875661, 78875672, 78875699]	[]
876_1958	chr8	126318418	126318818	+	1000	97.5	[]	[]	[9.53014]	[98]	[]	[126318614]
876_1959	chr9	107707948	107708348	+	1000	97.5	[]	[]	[9.252844, 10.2047415]	[70, 138]	[]	[107708113, 107708181]
876_1962	chr1	184905572	184905972	+	1000	97.0	[]	[]	[9.53014]	[120]	[]	[184905783]
876_1965	chr1	244327556	244327956	+	1000	97.0	[10.2047415]	[84]	[8.361351, 8.84223]	[66, 128]	[244327733]	[244327715, 244327777]
876_1966	chr1	246110574	246110974	+	1000	97.0	[]	[]	[9.53014, 12.570299]	[78, 137]	[]	[246110740, 246110799]
876_1967	chr10	79636663	79637063	+	1000	97.0	[]	[]	[12.570299]	[131]	[]	[79636871]
876_1969	chr11	74086396	74086796	+	1000	97.0	[8.361351]	[95]	[]	[]	[74086589]	[]
876_197	chr8	144954606	144955006	+	1000	312.0	[7.553737, 12.570299]	[100, 113]	[]	[]	[144954796, 144954809]	[]
876_1970	chr12	7352628	7353028	+	1000	97.0	[7.764176]	[63]	[]	[]	[7352787]	[]
876_1973	chr14	57112465	57112865	+	1000	97.0	[12.570299]	[129]	[]	[]	[57112680]	[]
876_1977	chr21	38802682	38803082	+	1000	97.0	[]	[]	[8.84223, 8.361351]	[113, 149]	[]	[38802883, 38802919]
876_1979	chr4	190112194	190112594	+	1000	97.0	[]	[]	[10.2047415]	[102]	[]	[190112378]
876_198	chr8	125430042	125430442	+	1000	310.0	[7.677661]	[137]	[12.570299, 7.677661]	[106, 136]	[125430273]	[125430242, 125430272]
876_1982	chr6	151716447	151716847	+	1000	97.0	[]	[]	[12.570299]	[73]	[]	[151716620]
876_1988	chr1	31162727	31163127	+	1000	96.5	[7.676677, 12.570299]	[142, 166]	[]	[]	[31162935, 31162959]	[]
876_1989	chr1	148388432	148388832	+	1000	96.5	[10.2047415]	[140]	[]	[]	[148388644]	[]
876_1990	chr11	66568444	66568844	+	1000	96.5	[]	[]	[12.570299]	[98]	[]	[66568639]
876_1991	chr11	129966288	129966688	+	1000	96.5	[]	[]	[8.361351]	[109]	[]	[129966492]
876_1993	chr12	80149456	80149856	+	1000	96.5	[]	[]	[12.570299]	[107]	[]	[80149620]
876_1995	chr2	55843152	55843552	+	1000	96.5	[12.570299]	[104]	[7.553737]	[81]	[55843353]	[55843330]
876_200	chr19	32373784	32374184	+	1000	309.0	[]	[]	[12.570299]	[116]	[]	[32373992]
876_2001	chr4	133264250	133264650	+	1000	96.5	[12.570299, 12.570299]	[102, 115]	[]	[]	[133264440, 133264453]	[]
876_2002	chr6	75687867	75688267	+	1000	96.5	[]	[]	[12.570299]	[113]	[]	[75688075]
876_2005	chr8	38793089	38793489	+	1000	96.5	[]	[]	[10.2047415, 8.361351]	[63, 103]	[]	[38793245, 38793285]
876_2007	chr1	90062689	90063089	+	1000	96.0	[]	[]	[12.570299]	[51]	[]	[90062840]
876_2008	chr1	227532200	227532600	+	1000	96.0	[]	[]	[12.570299]	[119]	[]	[227532414]
876_2010	chr11	82955970	82956370	+	1000	96.0	[]	[]	[12.570299]	[102]	[]	[82956171]
876_2011	chr13	17742697	17743097	+	1000	96.0	[10.2047415]	[128]	[]	[]	[17742921]	[]
876_2012	chr15	89049247	89049647	+	1000	96.0	[]	[]	[12.570299]	[106]	[]	[89049441]
876_2013	chr19	6065894	6066294	+	1000	96.0	[8.361351]	[88]	[12.570299]	[64]	[6066082]	[6066058]
876_2016	chr3	9649235	9649635	+	1000	96.0	[12.570299]	[99]	[]	[]	[9649431]	[]
876_2018	chr4	40722739	40723139	+	1000	96.0	[]	[]	[12.570299]	[78]	[]	[40722910]
876_2019	chr6	29780057	29780457	+	1000	96.0	[12.570299]	[94]	[]	[]	[29780237]	[]
876_2020	chr7	65924989	65925389	+	1000	96.0	[8.361351]	[101]	[]	[]	[65925187]	[]
876_2021	chr9	112562523	112562923	+	1000	96.0	[12.570299]	[88]	[8.361351]	[121]	[112562711]	[112562744]
876_2023	chr1	23377402	23377802	+	1000	95.5	[12.570299]	[109]	[8.84223]	[85]	[23377604]	[23377580]
876_2024	chr1	29156705	29157105	+	1000	95.5	[]	[]	[10.2047415]	[85]	[]	[29156888]
876_2025	chr1	86788373	86788773	+	1000	95.5	[]	[]	[8.264141, 9.53014]	[78, 104]	[]	[86788545, 86788571]
876_2027	chr1	181661602	181662002	+	1000	95.5	[12.570299]	[134]	[]	[]	[181661822]	[]
876_2028	chr1	205188161	205188561	+	1000	95.5	[12.570299]	[96]	[]	[]	[205188346]	[]
876_2029	chr10	75733244	75733644	+	1000	95.5	[8.264141, 12.570299]	[145, 163]	[]	[]	[75733441, 75733459]	[]
876_203	chr3	5016527	5016927	+	1000	303.5	[12.570299]	[106]	[]	[]	[5016729]	[]
876_2030	chr12	47085792	47086192	+	1000	95.5	[]	[]	[9.53014, 10.2047415]	[98, 113]	[]	[47085986, 47086001]
876_2034	chr4	71393050	71393450	+	1000	95.5	[8.009179]	[59]	[12.570299]	[102]	[71393206]	[71393249]
876_2038	chr6	109922854	109923254	+	1000	95.5	[]	[]	[12.570299, 12.570299]	[93, 146]	[]	[109923044, 109923097]
876_2039	chr7	15407954	15408354	+	1000	95.5	[12.570299]	[158]	[]	[]	[15408201]	[]
876_2045	chr1	201167644	201168044	+	1000	95.0	[10.2047415]	[125]	[]	[]	[201167864]	[]
876_2047	chr11	95443267	95443667	+	1000	95.0	[9.252844]	[97]	[]	[]	[95443463]	[]
876_2049	chr17	32827561	32827961	+	1000	95.0	[9.252844]	[125]	[]	[]	[32827769]	[]
876_2050	chr17	78129037	78129437	+	1000	95.0	[]	[]	[9.53014]	[92]	[]	[78129218]
876_2053	chr2	170101624	170102024	+	1000	95.0	[12.570299]	[113]	[12.570299]	[87]	[170101837]	[170101811]
876_2055	chr20	43959187	43959587	+	1000	95.0	[]	[]	[12.570299]	[105]	[]	[43959372]
876_2056	chr22	16652428	16652828	+	1000	95.0	[12.570299]	[119]	[]	[]	[16652645]	[]
876_2059	chr3	14223566	14223966	+	1000	95.0	[9.252844]	[104]	[]	[]	[14223764]	[]
876_206	chr4	48203835	48204235	+	1000	301.5	[7.764176]	[135]	[]	[]	[48204065]	[]
876_2062	chr5	31636136	31636536	+	1000	95.0	[12.570299]	[66]	[8.361351]	[144]	[31636290]	[31636368]
876_2063	chr6	849129	849529	+	1000	95.0	[]	[]	[10.2047415]	[66]	[]	[849290]
876_2065	chr8	16670389	16670789	+	1000	95.0	[12.570299]	[105]	[]	[]	[16670587]	[]
876_2066	chr8	129692357	129692757	+	1000	95.0	[9.53014]	[80]	[]	[]	[129692536]	[]
876_2070	chr1	26308244	26308644	+	1000	94.5	[12.570299]	[95]	[]	[]	[26308435]	[]
876_2073	chr1	192805893	192806293	+	1000	94.5	[]	[]	[12.570299]	[125]	[]	[192806117]
876_2074	chr1	211896997	211897397	+	1000	94.5	[10.2047415]	[114]	[]	[]	[211897185]	[]
876_2077	chr10	103598823	103599223	+	1000	94.5	[12.570299]	[125]	[]	[]	[103599042]	[]
876_2079	chr11	13107549	13107949	+	1000	94.5	[]	[]	[7.7748694]	[105]	[]	[13107734]
876_2080	chr12	74039180	74039580	+	1000	94.5	[8.361351]	[96]	[]	[]	[74039368]	[]
876_2085	chr19	46770928	46771328	+	1000	94.5	[8.361351]	[95]	[]	[]	[46771123]	[]
876_2087	chr22	40711501	40711901	+	1000	94.5	[]	[]	[10.2047415]	[100]	[]	[40711689]
876_2090	chr4	46073762	46074162	+	1000	94.5	[9.53014]	[109]	[]	[]	[46073971]	[]
876_2092	chr4	126733273	126733673	+	1000	94.5	[]	[]	[12.570299]	[108]	[]	[126733467]
876_2096	chr8	70465513	70465913	+	1000	94.5	[]	[]	[12.570299]	[84]	[]	[70465694]
876_2098	chr1	174267257	174267657	+	1000	94.0	[10.2047415]	[119]	[]	[]	[174267462]	[]
876_2099	chr10	7371577	7371977	+	1000	94.0	[10.2047415]	[118]	[]	[]	[7371791]	[]
876_21	chr10	45470595	45470995	+	1000	990.0	[]	[]	[12.570299]	[104]	[]	[45470798]
876_2105	chr2	142811629	142812029	+	1000	94.0	[]	[]	[12.570299]	[97]	[]	[142811820]
876_2106	chr2	151409731	151410131	+	1000	94.0	[12.570299]	[127]	[]	[]	[151409944]	[]
876_211	chr1	65318282	65318682	+	1000	299.5	[12.570299, 7.7748694]	[126, 154]	[]	[]	[65318494, 65318522]	[]
876_2111	chr6	20085800	20086200	+	1000	94.0	[10.2047415]	[133]	[10.2047415]	[113]	[20086025]	[20086005]
876_2112	chr6	144653814	144654214	+	1000	94.0	[10.2047415]	[141]	[]	[]	[144654033]	[]
876_2114	chr8	124635267	124635667	+	1000	94.0	[8.361351]	[125]	[]	[]	[124635469]	[]
876_2115	chrX	152177826	152178226	+	1000	94.0	[12.570299]	[129]	[]	[]	[152178036]	[]
876_2116	chr1	111030481	111030881	+	1000	93.5	[]	[]	[12.570299]	[74]	[]	[111030652]
876_2117	chr1	197763273	197763673	+	1000	93.5	[12.570299]	[148]	[10.2047415]	[101]	[197763510]	[197763463]
876_2118	chr1	215566850	215567250	+	1000	93.5	[]	[]	[8.361351]	[106]	[]	[215567048]
876_2120	chr10	35391277	35391677	+	1000	93.5	[]	[]	[12.570299]	[147]	[]	[35391500]
876_2121	chr10	103504330	103504730	+	1000	93.5	[8.361351]	[103]	[8.361351]	[127]	[103504521]	[103504545]
876_2122	chr11	46127004	46127404	+	1000	93.5	[]	[]	[8.84223]	[106]	[]	[46127182]
876_2123	chr11	97973329	97973729	+	1000	93.5	[]	[]	[9.53014]	[116]	[]	[97973537]
876_2126	chr18	80035951	80036351	+	1000	93.5	[10.2047415, 9.53014]	[97, 111]	[]	[]	[80036147, 80036161]	[]
876_2127	chr2	12059600	12060000	+	1000	93.5	[]	[]	[12.570299]	[100]	[]	[12059795]
876_2128	chr2	32836977	32837377	+	1000	93.5	[7.7748694]	[135]	[7.764176, 12.570299]	[92, 111]	[32837203]	[32837160, 32837179]
876_2131	chr4	17557886	17558286	+	1000	93.5	[12.570299]	[134]	[]	[]	[17558107]	[]
876_2134	chr1	219906762	219907162	+	1000	93.0	[8.361351]	[90]	[]	[]	[219906929]	[]
876_2142	chr17	63378380	63378780	+	1000	93.0	[]	[]	[8.361351]	[59]	[]	[63378533]
876_2145	chr3	17075847	17076247	+	1000	93.0	[10.2047415]	[93]	[]	[]	[17076027]	[]
876_2146	chr3	198030128	198030528	+	1000	93.0	[]	[]	[12.570299]	[110]	[]	[198030337]
876_2148	chr6	39685202	39685602	+	1000	93.0	[]	[]	[10.2047415]	[126]	[]	[39685409]
876_2149	chr6	144095745	144096145	+	1000	93.0	[]	[]	[8.84223]	[79]	[]	[144095908]
876_2152	chr8	109369546	109369946	+	1000	93.0	[]	[]	[7.553737]	[139]	[]	[109369775]
876_2157	chr1	21675920	21676320	+	1000	92.5	[]	[]	[8.361351]	[148]	[]	[21676113]
876_2158	chr1	39204478	39204878	+	1000	92.5	[]	[]	[9.53014]	[105]	[]	[39204661]
876_2162	chr1	174872704	174873104	+	1000	92.5	[]	[]	[7.677661]	[116]	[]	[174872907]
876_2163	chr1	200275447	200275847	+	1000	92.5	[]	[]	[12.570299]	[109]	[]	[200275650]
876_2164	chr1	234676226	234676626	+	1000	92.5	[12.570299]	[105]	[]	[]	[234676431]	[]
876_2165	chr11	14612571	14612971	+	1000	92.5	[]	[]	[12.570299]	[110]	[]	[14612764]
876_2169	chr14	54435468	54435868	+	1000	92.5	[9.53014]	[85]	[]	[]	[54435648]	[]
876_2171	chr15	87617729	87618129	+	1000	92.5	[12.570299]	[110]	[]	[]	[87617929]	[]
876_2174	chr16	25213763	25214163	+	1000	92.5	[9.252844]	[111]	[]	[]	[25213967]	[]
876_2176	chr17	75036672	75037072	+	1000	92.5	[]	[]	[8.361351]	[113]	[]	[75036872]
876_2178	chr2	126990709	126991109	+	1000	92.5	[10.2047415]	[110]	[]	[]	[126990906]	[]
876_2180	chr21	33930966	33931366	+	1000	92.5	[]	[]	[12.570299]	[98]	[]	[33931138]
876_2181	chr3	6518666	6519066	+	1000	92.5	[12.570299]	[115]	[]	[]	[6518870]	[]
876_2183	chr4	158368036	158368436	+	1000	92.5	[]	[]	[12.570299]	[93]	[]	[158368227]
876_2184	chr5	143828919	143829319	+	1000	92.5	[]	[]	[12.570299]	[108]	[]	[143829123]
876_2185	chr6	137794880	137795280	+	1000	92.5	[12.570299]	[152]	[]	[]	[137795107]	[]
876_2186	chr6	137906190	137906590	+	1000	92.5	[]	[]	[9.252844]	[96]	[]	[137906376]
876_2188	chr7	91583503	91583903	+	1000	92.5	[12.570299]	[141]	[]	[]	[91583739]	[]
876_2193	chr1	166584985	166585385	+	1000	92.0	[]	[]	[9.252844]	[90]	[]	[166585175]
876_2194	chr1	197073963	197074363	+	1000	92.0	[8.009179]	[80]	[12.570299]	[104]	[197074140]	[197074164]
876_2195	chr10	26377453	26377853	+	1000	92.0	[8.361351]	[127]	[8.84223]	[79]	[26377676]	[26377628]
876_2196	chr11	13560320	13560720	+	1000	92.0	[]	[]	[12.570299]	[92]	[]	[13560512]
876_2198	chr11	102374523	102374923	+	1000	92.0	[]	[]	[12.570299]	[110]	[]	[102374719]
876_2199	chr15	52556529	52556929	+	1000	92.0	[]	[]	[10.2047415]	[111]	[]	[52556735]
876_2202	chr19	29871020	29871420	+	1000	92.0	[]	[]	[9.53014]	[138]	[]	[29871247]
876_2205	chr2	214684006	214684406	+	1000	92.0	[12.570299]	[136]	[]	[]	[214684241]	[]
876_2208	chr5	133033140	133033540	+	1000	92.0	[12.570299]	[105]	[]	[]	[133033345]	[]
876_221	chr9	94278814	94279214	+	1000	294.0	[]	[]	[10.2047415]	[100]	[]	[94279013]
876_2210	chr6	28982154	28982554	+	1000	92.0	[12.570299]	[98]	[]	[]	[28982326]	[]
876_2213	chr7	23722556	23722956	+	1000	92.0	[]	[]	[12.570299]	[103]	[]	[23722759]
876_2214	chrX	13147150	13147550	+	1000	92.0	[]	[]	[12.570299]	[107]	[]	[13147354]
876_2215	chrX	136445663	136446063	+	1000	92.0	[]	[]	[12.570299]	[82]	[]	[136445826]
876_2218	chr10	100008710	100009110	+	1000	91.5	[12.570299]	[92]	[]	[]	[100008901]	[]
876_2219	chr12	50402276	50402676	+	1000	91.5	[10.2047415]	[118]	[]	[]	[50402470]	[]
876_2220	chr16	19432447	19432847	+	1000	91.5	[]	[]	[8.182752, 7.578352]	[130, 161]	[]	[19432654, 19432685]
876_2222	chr3	19889118	19889518	+	1000	91.5	[8.361351]	[87]	[]	[]	[19889302]	[]
876_2224	chr4	165433493	165433893	+	1000	91.5	[]	[]	[10.2047415]	[98]	[]	[165433686]
876_2225	chr5	98963638	98964038	+	1000	91.5	[7.7748694]	[78]	[12.570299]	[113]	[98963813]	[98963848]
876_2229	chr7	50558349	50558749	+	1000	91.5	[7.677661]	[145]	[]	[]	[50558579]	[]
876_2230	chr8	109428300	109428700	+	1000	91.5	[12.570299]	[90]	[]	[]	[109428490]	[]
876_2231	chrX	149719935	149720335	+	1000	91.5	[10.2047415]	[64]	[8.264141]	[89]	[149720089]	[149720114]
876_2234	chr1	173475046	173475446	+	1000	91.0	[10.2047415]	[94]	[]	[]	[173475236]	[]
876_2240	chr20	22403867	22404267	+	1000	91.0	[8.264141]	[121]	[]	[]	[22404082]	[]
876_2243	chr3	33791664	33792064	+	1000	91.0	[9.252844]	[129]	[]	[]	[33791882]	[]
876_2244	chr3	45062041	45062441	+	1000	91.0	[12.570299]	[136]	[8.182752]	[111]	[45062270]	[45062245]
876_2246	chr5	137997769	137998169	+	1000	91.0	[8.361351]	[93]	[]	[]	[137997962]	[]
876_2247	chr5	154786421	154786821	+	1000	91.0	[]	[]	[12.570299]	[103]	[]	[154786611]
876_2248	chr6	118761596	118761996	+	1000	91.0	[]	[]	[12.570299]	[104]	[]	[118761788]
876_2249	chr6	146981921	146982321	+	1000	91.0	[8.182752, 9.53014]	[94, 121]	[]	[]	[146982101, 146982128]	[]
876_2253	chr1	30919146	30919546	+	1000	90.5	[8.361351]	[105]	[]	[]	[30919341]	[]
876_2259	chr12	68178755	68179155	+	1000	90.5	[9.53014]	[87]	[]	[]	[68178935]	[]
876_2260	chr13	108000731	108001131	+	1000	90.5	[12.570299]	[97]	[]	[]	[108000925]	[]
876_2261	chr14	36971293	36971693	+	1000	90.5	[10.2047415]	[148]	[]	[]	[36971502]	[]
876_2263	chr17	64572813	64573213	+	1000	90.5	[10.2047415]	[118]	[]	[]	[64573027]	[]
876_2268	chr2	73779996	73780396	+	1000	90.5	[12.570299]	[94]	[]	[]	[73780172]	[]
876_2270	chr2	119352219	119352619	+	1000	90.5	[12.570299]	[128]	[]	[]	[119352427]	[]
876_2271	chr2	134825709	134826109	+	1000	90.5	[12.570299]	[120]	[]	[]	[134825914]	[]
876_2277	chr6	84626607	84627007	+	1000	90.5	[12.570299]	[134]	[]	[]	[84626821]	[]
876_2278	chr7	65558608	65559008	+	1000	90.5	[]	[]	[8.361351]	[150]	[]	[65558853]
876_2279	chr9	111348755	111349155	+	1000	90.5	[8.009179]	[81]	[8.361351]	[111]	[111348930]	[111348960]
876_2280	chrX	40578012	40578412	+	1000	90.5	[]	[]	[12.570299]	[105]	[]	[40578201]
876_2283	chr1	167526954	167527354	+	1000	90.0	[]	[]	[12.570299]	[83]	[]	[167527128]
876_2284	chr1	198132056	198132456	+	1000	90.0	[12.570299]	[122]	[]	[]	[198132277]	[]
876_2285	chr1	221636905	221637305	+	1000	90.0	[]	[]	[12.570299]	[109]	[]	[221637102]
876_2286	chr11	113623086	113623486	+	1000	90.0	[]	[]	[12.570299]	[104]	[]	[113623278]
876_2290	chr17	32962131	32962531	+	1000	90.0	[7.677661]	[77]	[7.677661]	[76]	[32962287]	[32962286]
876_2295	chr2	169012156	169012556	+	1000	90.0	[]	[]	[7.5891633]	[115]	[]	[169012359]
876_2298	chr3	166159582	166159982	+	1000	90.0	[7.7748694]	[142]	[10.2047415]	[109]	[166159822]	[166159789]
876_2301	chr5	133025650	133026050	+	1000	90.0	[]	[]	[10.2047415]	[114]	[]	[133025846]
876_2302	chr5	146291411	146291811	+	1000	90.0	[]	[]	[10.2047415]	[111]	[]	[146291617]
876_2303	chr6	44900275	44900675	+	1000	90.0	[12.570299]	[153]	[]	[]	[44900507]	[]
876_2304	chr7	18177360	18177760	+	1000	90.0	[]	[]	[12.570299]	[112]	[]	[18177569]
876_2305	chr7	77990060	77990460	+	1000	90.0	[]	[]	[9.252844]	[138]	[]	[77990272]
876_2308	chr1	75203663	75204063	+	1000	89.5	[10.2047415]	[101]	[7.677661]	[147]	[75203856]	[75203902]
876_2309	chr11	60050420	60050820	+	1000	89.5	[8.361351]	[94]	[]	[]	[60050610]	[]
876_2310	chr12	52800797	52801197	+	1000	89.5	[]	[]	[10.2047415]	[82]	[]	[52800974]
876_2312	chr18	57748723	57749123	+	1000	89.5	[]	[]	[8.84223]	[81]	[]	[57748884]
876_2313	chr2	63984211	63984611	+	1000	89.5	[]	[]	[12.570299]	[86]	[]	[63984390]
876_2314	chr2	65929659	65930059	+	1000	89.5	[]	[]	[12.570299]	[116]	[]	[65929867]
876_2315	chr2	172513115	172513515	+	1000	89.5	[]	[]	[12.570299]	[119]	[]	[172513331]
876_2316	chr22	19643414	19643814	+	1000	89.5	[]	[]	[12.570299]	[104]	[]	[19643585]
876_2321	chr3	32132688	32133088	+	1000	89.5	[]	[]	[12.570299]	[114]	[]	[32132881]
876_2322	chr5	43804742	43805142	+	1000	89.5	[]	[]	[7.764176]	[86]	[]	[43804906]
876_2325	chr6	15434279	15434679	+	1000	89.5	[]	[]	[9.53014]	[121]	[]	[15434466]
876_233	chr11	20090085	20090485	+	1000	288.0	[9.252844]	[122]	[9.252844]	[119]	[20090299]	[20090296]
876_2331	chr7	55699118	55699518	+	1000	89.5	[10.2047415]	[107]	[]	[]	[55699316]	[]
876_2332	chrX	111594056	111594456	+	1000	89.5	[]	[]	[12.570299]	[104]	[]	[111594253]
876_2334	chr11	35343323	35343723	+	1000	89.0	[9.252844]	[99]	[7.677661]	[125]	[35343514]	[35343540]
876_2337	chr13	45645322	45645722	+	1000	89.0	[12.570299]	[90]	[]	[]	[45645499]	[]
876_2339	chr15	65766937	65767337	+	1000	89.0	[9.53014, 10.2047415]	[75, 94]	[10.2047415]	[99]	[65767104, 65767123]	[65767128]
876_234	chr1	31447175	31447575	+	1000	287.5	[]	[]	[12.570299]	[107]	[]	[31447375]
876_2340	chr16	23504286	23504686	+	1000	89.0	[8.182752]	[155]	[]	[]	[23504537]	[]
876_2342	chr21	36006337	36006737	+	1000	89.0	[12.570299]	[119]	[]	[]	[36006548]	[]
876_2344	chr3	157190423	157190823	+	1000	89.0	[7.676677]	[103]	[]	[]	[157190625]	[]
876_2347	chr6	31847630	31848030	+	1000	89.0	[]	[]	[10.2047415]	[106]	[]	[31847828]
876_2348	chr6	49543124	49543524	+	1000	89.0	[8.361351]	[134]	[]	[]	[49543352]	[]
876_2351	chr1	100816036	100816436	+	1000	88.5	[8.009179]	[71]	[12.570299]	[114]	[100816199]	[100816242]
876_2352	chr1	209808116	209808516	+	1000	88.5	[]	[]	[12.570299]	[105]	[]	[209808316]
876_2353	chr1	245345506	245345906	+	1000	88.5	[]	[]	[12.570299]	[104]	[]	[245345708]
876_2357	chr14	34139773	34140173	+	1000	88.5	[12.570299]	[151]	[]	[]	[34140007]	[]
876_2358	chr14	54870632	54871032	+	1000	88.5	[12.570299]	[103]	[]	[]	[54870833]	[]
876_2362	chr2	74036332	74036732	+	1000	88.5	[]	[]	[12.570299]	[119]	[]	[74036517]
876_2364	chr2	197209897	197210297	+	1000	88.5	[]	[]	[12.570299]	[127]	[]	[197210114]
876_2367	chr22	24728865	24729265	+	1000	88.5	[7.5891633, 9.252844]	[107, 153]	[]	[]	[24729031, 24729077]	[]
876_2368	chr3	53927155	53927555	+	1000	88.5	[]	[]	[12.570299]	[92]	[]	[53927331]
876_2369	chr3	170883930	170884330	+	1000	88.5	[]	[]	[12.570299]	[104]	[]	[170884111]
876_237	chr7	107318485	107318885	+	1000	284.5	[]	[]	[9.252844]	[106]	[]	[107318687]
876_2370	chr6	136499385	136499785	+	1000	88.5	[8.361351]	[144]	[]	[]	[136499590]	[]
876_2371	chr7	87140233	87140633	+	1000	88.5	[]	[]	[8.264141]	[67]	[]	[87140389]
876_2372	chr7	99686299	99686699	+	1000	88.5	[12.570299]	[96]	[]	[]	[99686490]	[]
876_2374	chrX	23871895	23872295	+	1000	88.5	[9.252844]	[123]	[7.7748694, 9.252844]	[68, 120]	[23872101]	[23872046, 23872098]
876_2376	chr1	234874575	234874975	+	1000	88.0	[]	[]	[9.252844]	[103]	[]	[234874765]
876_2377	chr11	96337483	96337883	+	1000	88.0	[7.677661]	[152]	[10.2047415]	[101]	[96337731]	[96337680]
876_2378	chr11	118241055	118241455	+	1000	88.0	[9.53014]	[155]	[]	[]	[118241297]	[]
876_2380	chr15	71372785	71373185	+	1000	88.0	[]	[]	[12.570299]	[79]	[]	[71372949]
876_2381	chr16	80091458	80091858	+	1000	88.0	[]	[]	[12.570299, 7.5891633]	[66, 115]	[]	[80091623, 80091672]
876_2383	chr20	41428282	41428682	+	1000	88.0	[8.361351]	[131]	[7.578352]	[153]	[41428508]	[41428530]
876_2384	chr20	50192212	50192612	+	1000	88.0	[8.84223]	[100]	[9.252844]	[119]	[50192409]	[50192428]
876_2386	chr3	133853617	133854017	+	1000	88.0	[12.570299]	[134]	[]	[]	[133853840]	[]
876_2387	chr3	166223000	166223400	+	1000	88.0	[9.252844]	[58]	[]	[]	[166223154]	[]
876_2388	chr4	140428036	140428436	+	1000	88.0	[12.570299]	[128]	[8.84223]	[63]	[140428260]	[140428195]
876_2392	chr7	96300472	96300872	+	1000	88.0	[9.53014]	[80]	[]	[]	[96300636]	[]
876_2394	chr8	95317445	95317845	+	1000	88.0	[]	[]	[10.2047415, 8.84223]	[85, 124]	[]	[95317620, 95317659]
876_2395	chr9	68694146	68694546	+	1000	88.0	[8.361351]	[76]	[]	[]	[68694316]	[]
876_2397	chrX	10190373	10190773	+	1000	88.0	[]	[]	[12.570299]	[105]	[]	[10190568]
876_2398	chr1	202571685	202572085	+	1000	87.5	[8.264141, 8.182752]	[74, 90]	[]	[]	[202571852, 202571868]	[]
876_24	chr1	27979563	27979963	+	1000	939.5	[10.2047415]	[109]	[]	[]	[27979767]	[]
876_2400	chr1	243270469	243270869	+	1000	87.5	[]	[]	[9.53014]	[87]	[]	[243270656]
876_2401	chr11	83241194	83241594	+	1000	87.5	[10.2047415]	[165]	[]	[]	[83241410]	[]
876_2408	chr19	35819880	35820280	+	1000	87.5	[9.252844]	[92]	[]	[]	[35820056]	[]
876_241	chr3	170765474	170765874	+	1000	281.0	[]	[]	[9.252844, 10.2047415]	[94, 107]	[]	[170765667, 170765680]
876_2413	chr3	141239867	141240267	+	1000	87.5	[10.2047415]	[68]	[9.53014]	[81]	[141240034]	[141240047]
876_2416	chr4	128560717	128561117	+	1000	87.5	[12.570299, 12.570299]	[106, 121]	[]	[]	[128560915, 128560930]	[]
876_2419	chr6	110389677	110390077	+	1000	87.5	[]	[]	[9.53014]	[126]	[]	[110389879]
876_2420	chr7	12742193	12742593	+	1000	87.5	[7.578352]	[72]	[12.570299]	[106]	[12742350]	[12742384]
876_2421	chr7	103995890	103996290	+	1000	87.5	[]	[]	[9.252844]	[123]	[]	[103996078]
876_2422	chr8	93493798	93494198	+	1000	87.5	[]	[]	[10.2047415, 7.553737]	[58, 66]	[]	[93493954, 93493962]
876_2427	chr19	47561652	47562052	+	1000	87.0	[8.182752]	[118]	[8.009179]	[90]	[47561848]	[47561820]
876_2430	chr3	196127142	196127542	+	1000	87.0	[12.570299]	[112]	[7.578352]	[78]	[196127345]	[196127311]
876_2431	chr4	168153826	168154226	+	1000	87.0	[7.677661]	[75]	[7.677661]	[74]	[168153978]	[168153977]
876_2434	chr6	2881308	2881708	+	1000	87.0	[8.009179]	[83]	[12.570299]	[124]	[2881478]	[2881519]
876_2435	chr6	13989397	13989797	+	1000	87.0	[]	[]	[9.53014]	[110]	[]	[13989607]
876_2438	chr11	65575073	65575473	+	1000	86.5	[12.570299]	[142]	[]	[]	[65575306]	[]
876_2439	chr11	94746723	94747123	+	1000	86.5	[10.2047415]	[120]	[]	[]	[94746911]	[]
876_244	chrX	120549960	120550360	+	1000	280.5	[8.361351]	[109]	[]	[]	[120550162]	[]
876_2444	chr19	3183708	3184108	+	1000	86.5	[]	[]	[8.182752]	[98]	[]	[3183905]
876_2445	chr19	47648180	47648580	+	1000	86.5	[]	[]	[10.2047415]	[141]	[]	[47648398]
876_2452	chr4	84231555	84231955	+	1000	86.5	[12.570299]	[87]	[]	[]	[84231735]	[]
876_2453	chr4	123599989	123600389	+	1000	86.5	[9.53014]	[110]	[]	[]	[123600192]	[]
876_2454	chr7	12949280	12949680	+	1000	86.5	[7.7748694]	[78]	[9.252844, 12.570299]	[68, 113]	[12949454]	[12949444, 12949489]
876_2455	chr8	21017685	21018085	+	1000	86.5	[10.2047415]	[98]	[]	[]	[21017882]	[]
876_2456	chr8	94959733	94960133	+	1000	86.5	[]	[]	[12.570299]	[70]	[]	[94959891]
876_2457	chr9	92147049	92147449	+	1000	86.5	[]	[]	[12.570299]	[74]	[]	[92147202]
876_2458	chrX	2317631	2318031	+	1000	86.5	[8.361351]	[77]	[]	[]	[2317795]	[]
876_246	chr3	177574166	177574566	+	1000	279.0	[10.2047415]	[123]	[]	[]	[177574384]	[]
876_2460	chr1	120942526	120942926	+	1000	86.0	[]	[]	[7.5891633]	[132]	[]	[120942715]
876_2463	chr10	3464714	3465114	+	1000	86.0	[]	[]	[12.570299]	[115]	[]	[3464925]
876_2465	chr11	7861317	7861717	+	1000	86.0	[12.570299]	[93]	[]	[]	[7861501]	[]
876_2467	chr15	91047389	91047789	+	1000	86.0	[]	[]	[12.570299]	[102]	[]	[91047580]
876_2468	chr18	79975012	79975412	+	1000	86.0	[9.53014]	[58]	[]	[]	[79975164]	[]
876_2469	chr19	15836028	15836428	+	1000	86.0	[12.570299]	[111]	[]	[]	[15836236]	[]
876_247	chr6	51107973	51108373	+	1000	278.5	[12.570299]	[120]	[]	[]	[51108186]	[]
876_2478	chr5	40541599	40541999	+	1000	86.0	[12.570299]	[94]	[]	[]	[40541774]	[]
876_248	chr1	227848439	227848839	+	1000	278.0	[9.53014]	[123]	[]	[]	[227848648]	[]
876_2480	chr6	27296499	27296899	+	1000	86.0	[12.570299]	[102]	[]	[]	[27296698]	[]
876_2481	chr6	116072340	116072740	+	1000	86.0	[9.53014]	[91]	[7.5891633]	[68]	[116072527]	[116072504]
876_2482	chr7	6448314	6448714	+	1000	86.0	[]	[]	[8.84223]	[116]	[]	[6448521]
876_2483	chr7	105258920	105259320	+	1000	86.0	[]	[]	[10.2047415]	[110]	[]	[105259125]
876_2486	chr10	99395785	99396185	+	1000	85.5	[12.570299]	[149]	[]	[]	[99396005]	[]
876_249	chr11	118573202	118573602	+	1000	275.0	[]	[]	[7.677661]	[106]	[]	[118573387]
876_2490	chr17	16106493	16106893	+	1000	85.5	[8.361351]	[150]	[]	[]	[16106742]	[]
876_2491	chr17	43797972	43798372	+	1000	85.5	[]	[]	[12.570299]	[104]	[]	[43798165]
876_2497	chr3	5002388	5002788	+	1000	85.5	[]	[]	[12.570299]	[150]	[]	[5002611]
876_2498	chr3	5197396	5197796	+	1000	85.5	[12.570299]	[117]	[]	[]	[5197572]	[]
876_2499	chr3	23095096	23095496	+	1000	85.5	[]	[]	[12.570299]	[105]	[]	[23095299]
876_250	chr8	128343913	128344313	+	1000	275.0	[12.570299]	[106]	[]	[]	[128344111]	[]
876_2502	chr5	38549870	38550270	+	1000	85.5	[9.252844]	[75]	[12.570299]	[101]	[38550034]	[38550060]
876_2504	chr6	134529877	134530277	+	1000	85.5	[]	[]	[10.2047415]	[100]	[]	[134530073]
876_2508	chr8	94557624	94558024	+	1000	85.5	[]	[]	[12.570299]	[117]	[]	[94557830]
876_2509	chr9	97694953	97695353	+	1000	85.5	[]	[]	[12.570299]	[102]	[]	[97695153]
876_251	chr1	236509882	236510282	+	1000	274.5	[8.84223]	[99]	[12.570299]	[106]	[236510071]	[236510078]
876_2510	chr9	98616169	98616569	+	1000	85.5	[9.252844]	[132]	[]	[]	[98616389]	[]
876_2512	chr1	42222317	42222717	+	1000	85.0	[]	[]	[12.570299]	[110]	[]	[42222523]
876_2515	chr10	118470399	118470799	+	1000	85.0	[10.2047415]	[88]	[]	[]	[118470586]	[]
876_2516	chr11	66904055	66904455	+	1000	85.0	[8.361351]	[92]	[]	[]	[66904246]	[]
876_2519	chr17	26883330	26883730	+	1000	85.0	[]	[]	[8.182752]	[138]	[]	[26883567]
876_2525	chr20	44970183	44970583	+	1000	85.0	[7.553737, 8.361351]	[115, 129]	[9.53014]	[173]	[44970366, 44970380]	[44970424]
876_2527	chr21	35102475	35102875	+	1000	85.0	[]	[]	[8.84223]	[132]	[]	[35102699]
876_253	chr5	145681640	145682040	+	1000	274.5	[9.252844, 10.2047415]	[98, 105]	[]	[]	[145681836, 145681843]	[]
876_2532	chr6	26104692	26105092	+	1000	85.0	[10.2047415]	[124]	[]	[]	[26104910]	[]
876_2537	chr7	104584607	104585007	+	1000	85.0	[12.570299]	[148]	[]	[]	[104584832]	[]
876_2538	chr8	47625253	47625653	+	1000	85.0	[]	[]	[12.570299]	[102]	[]	[47625452]
876_2539	chrX	23845520	23845920	+	1000	85.0	[]	[]	[8.182752, 12.570299]	[62, 110]	[]	[23845679, 23845727]
876_2543	chr10	3873689	3874089	+	1000	84.5	[8.182752]	[170]	[10.2047415]	[100]	[3873937]	[3873867]
876_2544	chr12	113222709	113223109	+	1000	84.5	[12.570299]	[108]	[]	[]	[113222908]	[]
876_2545	chr12	115285399	115285799	+	1000	84.5	[12.570299]	[93]	[]	[]	[115285592]	[]
876_2546	chr14	20807595	20807995	+	1000	84.5	[12.570299]	[103]	[7.578352]	[88]	[20807797]	[20807782]
876_2549	chr2	199524948	199525348	+	1000	84.5	[]	[]	[12.570299]	[105]	[]	[199525149]
876_2551	chr22	34849259	34849659	+	1000	84.5	[]	[]	[8.361351]	[119]	[]	[34849473]
876_2552	chr3	30289286	30289686	+	1000	84.5	[10.2047415]	[145]	[]	[]	[30289507]	[]
876_2555	chr5	98349757	98350157	+	1000	84.5	[12.570299]	[131]	[]	[]	[98349971]	[]
876_2558	chr6	49940040	49940440	+	1000	84.5	[8.264141]	[105]	[]	[]	[49940228]	[]
876_2559	chr6	82394772	82395172	+	1000	84.5	[]	[]	[12.570299]	[103]	[]	[82394969]
876_256	chrX	38652935	38653335	+	1000	273.0	[8.361351]	[94]	[]	[]	[38653128]	[]
876_2562	chr6	157025496	157025896	+	1000	84.5	[]	[]	[9.53014]	[111]	[]	[157025694]
876_2564	chr7	87319120	87319520	+	1000	84.5	[]	[]	[12.570299]	[89]	[]	[87319304]
876_2565	chr7	106848876	106849276	+	1000	84.5	[]	[]	[8.361351]	[131]	[]	[106849091]
876_2567	chr1	89200711	89201111	+	1000	84.0	[]	[]	[7.7748694]	[147]	[]	[89200904]
876_2573	chr10	77911632	77912032	+	1000	84.0	[]	[]	[12.570299]	[123]	[]	[77911828]
876_2575	chr12	42049002	42049402	+	1000	84.0	[]	[]	[12.570299]	[103]	[]	[42049167]
876_2576	chr13	47782158	47782558	+	1000	84.0	[12.570299]	[106]	[]	[]	[47782356]	[]
876_2577	chr13	90526691	90527091	+	1000	84.0	[7.677661]	[138]	[9.252844]	[98]	[90526913]	[90526873]
876_2578	chr16	30139848	30140248	+	1000	84.0	[9.252844, 12.570299]	[80, 116]	[]	[]	[30140016, 30140052]	[]
876_2579	chr17	32205899	32206299	+	1000	84.0	[12.570299]	[128]	[9.252844]	[72]	[32206124]	[32206068]
876_2580	chr18	110207	110607	+	1000	84.0	[]	[]	[7.676677]	[134]	[]	[110435]
876_2581	chr19	53517128	53517528	+	1000	84.0	[10.2047415, 9.53014]	[112, 152]	[]	[]	[53517332, 53517372]	[]
876_2582	chr2	42092104	42092504	+	1000	84.0	[12.570299]	[106]	[]	[]	[42092310]	[]
876_2583	chr2	215532830	215533230	+	1000	84.0	[]	[]	[12.570299]	[102]	[]	[215533022]
876_2587	chr3	129413691	129414091	+	1000	84.0	[]	[]	[12.570299]	[95]	[]	[129413885]
876_2588	chr5	67780279	67780679	+	1000	84.0	[12.570299]	[117]	[]	[]	[67780491]	[]
876_259	chr4	78484485	78484885	+	1000	272.5	[]	[]	[8.264141]	[109]	[]	[78484692]
876_2592	chr6	87742092	87742492	+	1000	84.0	[12.570299]	[146]	[]	[]	[87742337]	[]
876_2593	chr6	136787929	136788329	+	1000	84.0	[8.361351]	[143]	[]	[]	[136788168]	[]
876_260	chr1	35881817	35882217	+	1000	272.0	[12.570299]	[106]	[]	[]	[35882015]	[]
876_2600	chr1	193192604	193193004	+	1000	83.5	[8.361351]	[98]	[]	[]	[193192798]	[]
876_2601	chr1	205406185	205406585	+	1000	83.5	[]	[]	[12.570299]	[106]	[]	[205406383]
876_2602	chr10	3740304	3740704	+	1000	83.5	[9.252844]	[111]	[]	[]	[3740509]	[]
876_2603	chr11	12726297	12726697	+	1000	83.5	[12.570299]	[123]	[]	[]	[12726513]	[]
876_2607	chr15	35736169	35736569	+	1000	83.5	[]	[]	[7.5891633, 10.2047415]	[103, 123]	[]	[35736363, 35736383]
876_2609	chr16	23597217	23597617	+	1000	83.5	[12.570299]	[110]	[]	[]	[23597409]	[]
876_2610	chr17	28278309	28278709	+	1000	83.5	[9.53014]	[133]	[]	[]	[28278508]	[]
876_2611	chr17	82290182	82290582	+	1000	83.5	[]	[]	[8.182752]	[115]	[]	[82290397]
876_2612	chr18	45611984	45612384	+	1000	83.5	[8.361351]	[131]	[12.570299]	[103]	[45612213]	[45612185]
876_2614	chr2	47282649	47283049	+	1000	83.5	[]	[]	[8.361351]	[100]	[]	[47282846]
876_2615	chr2	65028413	65028813	+	1000	83.5	[]	[]	[12.570299]	[107]	[]	[65028615]
876_2618	chr3	142302830	142303230	+	1000	83.5	[8.009179]	[103]	[12.570299]	[146]	[142303005]	[142303048]
876_262	chr6	147192275	147192675	+	1000	271.5	[]	[]	[12.570299]	[91]	[]	[147192456]
876_2620	chr5	73792764	73793164	+	1000	83.5	[9.252844]	[119]	[9.252844]	[116]	[73792981]	[73792978]
876_2625	chr6	129920337	129920737	+	1000	83.5	[10.2047415]	[100]	[]	[]	[129920537]	[]
876_2626	chr6	139632810	139633210	+	1000	83.5	[10.2047415]	[80]	[9.53014]	[128]	[139632970]	[139633018]
876_2627	chr7	148983557	148983957	+	1000	83.5	[]	[]	[12.570299]	[130]	[]	[148983775]
876_2628	chr8	96878458	96878858	+	1000	83.5	[10.2047415]	[91]	[]	[]	[96878620]	[]
876_2629	chr8	126804993	126805393	+	1000	83.5	[]	[]	[12.570299]	[90]	[]	[126805172]
876_2630	chr1	39799930	39800330	+	1000	83.0	[]	[]	[12.570299]	[116]	[]	[39800143]
876_2631	chr1	41003479	41003879	+	1000	83.0	[10.2047415]	[112]	[]	[]	[41003673]	[]
876_2635	chr12	118013283	118013683	+	1000	83.0	[8.361351]	[118]	[]	[]	[118013494]	[]
876_2637	chr17	44246030	44246430	+	1000	83.0	[]	[]	[8.361351]	[121]	[]	[44246248]
876_2639	chr2	11915661	11916061	+	1000	83.0	[]	[]	[10.2047415]	[97]	[]	[11915852]
876_2647	chr5	160039811	160040211	+	1000	83.0	[7.677661]	[64]	[]	[]	[160039972]	[]
876_2649	chr6	27134338	27134738	+	1000	83.0	[]	[]	[10.2047415]	[73]	[]	[27134505]
876_2650	chr6	31525530	31525930	+	1000	83.0	[9.252844]	[110]	[9.252844]	[107]	[31525733]	[31525730]
876_2654	chr6	154852611	154853011	+	1000	83.0	[10.2047415]	[149]	[12.570299]	[114]	[154852848]	[154852813]
876_2658	chr1	20198947	20199347	+	1000	82.5	[9.53014]	[154]	[]	[]	[20199177]	[]
876_2659	chr1	122842487	122842887	+	1000	82.5	[8.264141]	[76]	[]	[]	[122842662]	[]
876_266	chr12	21350951	21351351	+	1000	269.0	[10.2047415]	[100]	[9.252844]	[70]	[21351150]	[21351120]
876_2662	chr1	246569625	246570025	+	1000	82.5	[8.361351]	[139]	[10.2047415]	[124]	[246569850]	[246569835]
876_2665	chr12	105239366	105239766	+	1000	82.5	[10.2047415]	[95]	[]	[]	[105239559]	[]
876_2668	chr15	99310710	99311110	+	1000	82.5	[9.53014]	[68]	[10.2047415]	[149]	[99310868]	[99310949]
876_2671	chr2	15253828	15254228	+	1000	82.5	[7.676677]	[104]	[]	[]	[15254027]	[]
876_2673	chr2	64835418	64835818	+	1000	82.5	[12.570299]	[105]	[]	[]	[64835619]	[]
876_2674	chr2	64854720	64855120	+	1000	82.5	[8.009179]	[106]	[]	[]	[64854924]	[]
876_2679	chr3	38662635	38663035	+	1000	82.5	[10.2047415]	[144]	[]	[]	[38662871]	[]
876_268	chr3	187890456	187890856	+	1000	269.0	[12.570299]	[131]	[]	[]	[187890669]	[]
876_2682	chr5	127739284	127739684	+	1000	82.5	[]	[]	[12.570299]	[104]	[]	[127739482]
876_2683	chr7	138294506	138294906	+	1000	82.5	[10.2047415]	[71]	[]	[]	[138294676]	[]
876_2689	chr10	60989311	60989711	+	1000	82.0	[]	[]	[12.570299]	[74]	[]	[60989478]
876_269	chr12	64656412	64656812	+	1000	268.5	[]	[]	[12.570299]	[133]	[]	[64656636]
876_2690	chr12	93316289	93316689	+	1000	82.0	[9.252844]	[110]	[]	[]	[93316496]	[]
876_2694	chr15	56723784	56724184	+	1000	82.0	[]	[]	[12.570299]	[138]	[]	[56723999]
876_2696	chr17	6969311	6969711	+	1000	82.0	[]	[]	[12.570299]	[126]	[]	[6969519]
876_2698	chr2	42989729	42990129	+	1000	82.0	[12.570299]	[113]	[]	[]	[42989942]	[]
876_2699	chr2	151766400	151766800	+	1000	82.0	[12.570299]	[112]	[]	[]	[151766601]	[]
876_270	chr17	19519675	19520075	+	1000	267.0	[7.7748694]	[156]	[]	[]	[19519922]	[]
876_2704	chr3	4211613	4212013	+	1000	82.0	[12.570299]	[92]	[]	[]	[4211802]	[]
876_2705	chr3	141762487	141762887	+	1000	82.0	[]	[]	[12.570299]	[110]	[]	[141762667]
876_271	chr3	32699320	32699720	+	1000	267.0	[]	[]	[10.2047415]	[76]	[]	[32699493]
876_2710	chr6	84105621	84106021	+	1000	82.0	[8.361351]	[149]	[]	[]	[84105869]	[]
876_2712	chr6	150293356	150293756	+	1000	82.0	[]	[]	[12.570299, 7.7748694]	[75, 144]	[]	[150293522, 150293591]
876_2715	chr7	121505040	121505440	+	1000	82.0	[12.570299]	[93]	[]	[]	[121505225]	[]
876_2718	chr9	38071082	38071482	+	1000	82.0	[]	[]	[10.2047415]	[112]	[]	[38071284]
876_2720	chr1	38986614	38987014	+	1000	81.5	[12.570299]	[108]	[7.677661]	[72]	[38986816]	[38986780]
876_2724	chr1	247357097	247357497	+	1000	81.5	[]	[]	[9.53014, 12.570299, 9.53014]	[62, 101, 144]	[]	[247357259, 247357298, 247357341]
876_2725	chr10	95479995	95480395	+	1000	81.5	[]	[]	[10.2047415]	[105]	[]	[95480200]
876_2726	chr11	47204242	47204642	+	1000	81.5	[8.264141]	[118]	[]	[]	[47204455]	[]
876_2728	chr14	67641908	67642308	+	1000	81.5	[]	[]	[9.252844]	[95]	[]	[67642090]
876_2729	chr14	77303650	77304050	+	1000	81.5	[]	[]	[9.53014, 10.2047415]	[92, 96]	[]	[77303828, 77303832]
876_273	chr2	68679401	68679801	+	1000	266.0	[]	[]	[12.570299]	[101]	[]	[68679600]
876_2730	chr16	11056597	11056997	+	1000	81.5	[8.182752, 7.7748694]	[104, 153]	[]	[]	[11056782, 11056831]	[]
876_2731	chr16	69476964	69477364	+	1000	81.5	[]	[]	[8.361351]	[108]	[]	[69477170]
876_2732	chr18	845167	845567	+	1000	81.5	[]	[]	[12.570299]	[123]	[]	[845356]
876_2736	chr2	208489722	208490122	+	1000	81.5	[]	[]	[10.2047415]	[126]	[]	[208489934]
876_2738	chr3	101573597	101573997	+	1000	81.5	[9.53014]	[74]	[12.570299]	[118]	[101573756]	[101573800]
876_2739	chr3	141275972	141276372	+	1000	81.5	[]	[]	[12.570299]	[97]	[]	[141276165]
876_274	chr1	230984748	230985148	+	1000	264.0	[]	[]	[12.570299]	[102]	[]	[230984947]
876_2740	chr3	183765354	183765754	+	1000	81.5	[]	[]	[12.570299]	[101]	[]	[183765551]
876_2741	chr5	49630760	49631160	+	1000	81.5	[7.553737]	[108]	[]	[]	[49630945]	[]
876_2742	chr5	79801129	79801529	+	1000	81.5	[]	[]	[12.570299]	[106]	[]	[79801321]
876_2745	chr5	159792183	159792583	+	1000	81.5	[]	[]	[12.570299]	[113]	[]	[159792377]
876_2746	chr6	15956285	15956685	+	1000	81.5	[7.677661]	[130]	[7.677661]	[129]	[15956496]	[15956495]
876_2748	chr6	158183356	158183756	+	1000	81.5	[]	[]	[12.570299]	[123]	[]	[158183563]
876_275	chr1_KI270709v1_random	5432	5832	+	1000	264.0	[]	[]	[9.53014, 7.5891633]	[101, 127]	[]	[5632, 5658]
876_2750	chr1	49257153	49257553	+	1000	81.0	[]	[]	[12.570299]	[107]	[]	[49257348]
876_2751	chr1	212794722	212795122	+	1000	81.0	[12.570299]	[130]	[]	[]	[212794935]	[]
876_2752	chr1	248828908	248829308	+	1000	81.0	[]	[]	[8.009179]	[164]	[]	[248829156]
876_2753	chr11	13938831	13939231	+	1000	81.0	[]	[]	[12.570299]	[107]	[]	[13939037]
876_2757	chr2	197969411	197969811	+	1000	81.0	[7.5891633]	[128]	[]	[]	[197969629]	[]
876_2759	chr20	53654965	53655365	+	1000	81.0	[8.264141]	[141]	[8.361351]	[98]	[53655201]	[53655158]
876_2761	chr22	22727309	22727709	+	1000	81.0	[8.84223]	[182]	[]	[]	[22727522]	[]
876_2763	chr22	38163949	38164349	+	1000	81.0	[9.252844]	[101]	[]	[]	[38164147]	[]
876_2764	chr3	155469345	155469745	+	1000	81.0	[12.570299]	[90]	[]	[]	[155469531]	[]
876_2766	chr4	88600047	88600447	+	1000	81.0	[12.570299]	[101]	[]	[]	[88600244]	[]
876_2769	chr6	100354982	100355382	+	1000	81.0	[12.570299]	[90]	[]	[]	[100355171]	[]
876_277	chr1	86993308	86993708	+	1000	263.5	[]	[]	[12.570299]	[107]	[]	[86993514]
876_2778	chr9	131167163	131167563	+	1000	81.0	[]	[]	[9.53014]	[124]	[]	[131167373]
876_2780	chr1	55444682	55445082	+	1000	80.5	[10.2047415]	[112]	[]	[]	[55444882]	[]
876_2783	chr10	13040189	13040589	+	1000	80.5	[12.570299]	[136]	[]	[]	[13040411]	[]
876_2785	chr12	88466740	88467140	+	1000	80.5	[]	[]	[12.570299]	[90]	[]	[88466910]
876_2786	chr12	113208121	113208521	+	1000	80.5	[]	[]	[8.361351]	[137]	[]	[113208336]
876_2789	chr15	97759330	97759730	+	1000	80.5	[7.677661]	[120]	[7.677661]	[119]	[97759529]	[97759528]
876_2792	chr2	127413808	127414208	+	1000	80.5	[12.570299]	[120]	[]	[]	[127413992]	[]
876_2793	chr2	169711865	169712265	+	1000	80.5	[12.570299]	[82]	[]	[]	[169712043]	[]
876_2795	chr20	53893351	53893751	+	1000	80.5	[]	[]	[8.182752, 8.361351]	[161, 168]	[]	[53893570, 53893577]
876_2798	chr4	10530265	10530665	+	1000	80.5	[8.182752]	[97]	[]	[]	[10530456]	[]
876_2799	chr4	105772083	105772483	+	1000	80.5	[9.53014]	[112]	[]	[]	[105772283]	[]
876_2801	chr5	170139925	170140325	+	1000	80.5	[8.361351]	[122]	[]	[]	[170140127]	[]
876_2802	chr6	18506964	18507364	+	1000	80.5	[]	[]	[12.570299]	[114]	[]	[18507177]
876_2803	chr6	110703879	110704279	+	1000	80.5	[]	[]	[7.5891633]	[190]	[]	[110704119]
876_2806	chr9	20658126	20658526	+	1000	80.5	[]	[]	[12.570299]	[104]	[]	[20658330]
876_2807	chr1	180054001	180054401	+	1000	80.0	[8.264141]	[100]	[]	[]	[180054183]	[]
876_2814	chr13	48938570	48938970	+	1000	80.0	[7.553737]	[92]	[]	[]	[48938756]	[]
876_2815	chr14	67680947	67681347	+	1000	80.0	[]	[]	[9.252844]	[132]	[]	[67681170]
876_2818	chr2	10936213	10936613	+	1000	80.0	[12.570299]	[101]	[]	[]	[10936413]	[]
876_2820	chr2	43179054	43179454	+	1000	80.0	[12.570299]	[130]	[]	[]	[43179260]	[]
876_2821	chr2	155966141	155966541	+	1000	80.0	[12.570299]	[115]	[]	[]	[155966355]	[]
876_2822	chr2	202049704	202050104	+	1000	80.0	[12.570299]	[158]	[]	[]	[202049922]	[]
876_2824	chr3	185796557	185796957	+	1000	80.0	[]	[]	[7.677661, 7.553737, 12.570299]	[85, 102, 129]	[]	[185796726, 185796743, 185796770]
876_2825	chr3	194134726	194135126	+	1000	80.0	[]	[]	[10.2047415]	[132]	[]	[194134943]
876_2829	chr5	112795958	112796358	+	1000	80.0	[10.2047415]	[179]	[]	[]	[112796204]	[]
876_283	chr9	110194234	110194634	+	1000	261.5	[]	[]	[12.570299]	[100]	[]	[110194430]
876_2831	chr6	86683013	86683413	+	1000	80.0	[]	[]	[8.182752]	[60]	[]	[86683169]
876_2832	chr6	118668677	118669077	+	1000	80.0	[]	[]	[9.53014]	[93]	[]	[118668862]
876_2833	chr6	164339465	164339865	+	1000	80.0	[7.553737, 12.570299]	[86, 99]	[]	[]	[164339651, 164339664]	[]
876_2834	chr8	61120729	61121129	+	1000	80.0	[]	[]	[12.570299]	[102]	[]	[61120925]
876_2838	chr9	130789669	130790069	+	1000	80.0	[7.553737]	[129]	[]	[]	[130789895]	[]
876_2839	chr1	116206224	116206624	+	1000	79.5	[]	[]	[12.570299]	[134]	[]	[116206442]
876_284	chr10	22017171	22017571	+	1000	261.0	[8.84223]	[77]	[]	[]	[22017345]	[]
876_2840	chr10	22228192	22228592	+	1000	79.5	[]	[]	[10.2047415]	[59]	[]	[22228346]
876_2841	chr11	13699871	13700271	+	1000	79.5	[]	[]	[9.252844]	[101]	[]	[13700069]
876_2842	chr11	97963550	97963950	+	1000	79.5	[7.7748694]	[143]	[12.570299]	[117]	[97963772]	[97963746]
876_2847	chr2	12456157	12456557	+	1000	79.5	[12.570299]	[57]	[]	[]	[12456312]	[]
876_2848	chr2	156702554	156702954	+	1000	79.5	[12.570299]	[133]	[]	[]	[156702783]	[]
876_285	chr14	74735124	74735524	+	1000	261.0	[]	[]	[10.2047415]	[103]	[]	[74735322]
876_2857	chr3	157089354	157089754	+	1000	79.5	[]	[]	[9.252844]	[116]	[]	[157089564]
876_2861	chr6	27592761	27593161	+	1000	79.5	[8.84223]	[107]	[]	[]	[27592929]	[]
876_2863	chr6	158366445	158366845	+	1000	79.5	[12.570299]	[148]	[]	[]	[158366689]	[]
876_2865	chr8	15472756	15473156	+	1000	79.5	[10.2047415]	[98]	[]	[]	[15472938]	[]
876_2871	chrX	138778544	138778944	+	1000	79.5	[12.570299]	[152]	[]	[]	[138778772]	[]
876_2872	chr1	27943343	27943743	+	1000	79.0	[]	[]	[8.361351]	[108]	[]	[27943548]
876_2873	chr1	100820236	100820636	+	1000	79.0	[12.570299]	[96]	[]	[]	[100820430]	[]
876_2874	chr1	204705180	204705580	+	1000	79.0	[9.53014, 9.252844]	[99, 156]	[]	[]	[204705374, 204705431]	[]
876_2876	chr14	70658937	70659337	+	1000	79.0	[8.182752]	[90]	[]	[]	[70659116]	[]
876_2879	chr17	76641588	76641988	+	1000	79.0	[12.570299]	[133]	[]	[]	[76641793]	[]
876_2885	chr2	178282039	178282439	+	1000	79.0	[]	[]	[10.2047415]	[104]	[]	[178282237]
876_2889	chr3	170767535	170767935	+	1000	79.0	[]	[]	[12.570299]	[105]	[]	[170767731]
876_2891	chr4	94298855	94299255	+	1000	79.0	[]	[]	[10.2047415]	[115]	[]	[94299066]
876_2892	chr5	67957522	67957922	+	1000	79.0	[10.2047415]	[122]	[]	[]	[67957729]	[]
876_2894	chr6	3001880	3002280	+	1000	79.0	[12.570299, 8.264141]	[142, 150]	[]	[]	[3002098, 3002106]	[]
876_2895	chr6	82205939	82206339	+	1000	79.0	[]	[]	[12.570299]	[64]	[]	[82206090]
876_2896	chr7	101244206	101244606	+	1000	79.0	[12.570299]	[147]	[]	[]	[101244434]	[]
876_2897	chr7	143258747	143259147	+	1000	79.0	[12.570299]	[190]	[]	[]	[143258981]	[]
876_2899	chr8	22901592	22901992	+	1000	79.0	[]	[]	[12.570299]	[101]	[]	[22901791]
876_2900	chr1	16615499	16615899	+	1000	78.5	[]	[]	[7.7748694]	[110]	[]	[16615671]
876_2903	chr1	225850393	225850793	+	1000	78.5	[]	[]	[12.570299]	[100]	[]	[225850580]
876_2905	chr10	28838924	28839324	+	1000	78.5	[10.2047415]	[159]	[]	[]	[28839161]	[]
876_2907	chr12	47221509	47221909	+	1000	78.5	[]	[]	[10.2047415]	[114]	[]	[47221716]
876_2908	chr12	57646735	57647135	+	1000	78.5	[12.570299]	[108]	[]	[]	[57646936]	[]
876_291	chr1	59653106	59653506	+	1000	258.5	[]	[]	[12.570299]	[103]	[]	[59653305]
876_2910	chr17	28763827	28764227	+	1000	78.5	[10.2047415]	[123]	[10.2047415]	[128]	[28764046]	[28764051]
876_2912	chr18	47195943	47196343	+	1000	78.5	[]	[]	[12.570299]	[117]	[]	[47196141]
876_2916	chr2	145751206	145751606	+	1000	78.5	[7.676677]	[77]	[]	[]	[145751383]	[]
876_2917	chr22	22606493	22606893	+	1000	78.5	[10.2047415]	[104]	[]	[]	[22606686]	[]
876_292	chr20	38874794	38875194	+	1000	258.5	[12.570299]	[96]	[]	[]	[38874989]	[]
876_2921	chr4	55169600	55170000	+	1000	78.5	[]	[]	[12.570299]	[104]	[]	[55169789]
876_2923	chr5	119308857	119309257	+	1000	78.5	[]	[]	[7.764176, 10.2047415]	[75, 108]	[]	[119309026, 119309059]
876_2924	chr6	26383829	26384229	+	1000	78.5	[]	[]	[8.361351]	[85]	[]	[26384007]
876_2928	chr8	79982553	79982953	+	1000	78.5	[12.570299]	[91]	[]	[]	[79982744]	[]
876_2929	chr9	4937529	4937929	+	1000	78.5	[12.570299]	[92]	[]	[]	[4937704]	[]
876_2934	chr1	198162212	198162612	+	1000	78.0	[]	[]	[12.570299]	[91]	[]	[198162386]
876_2935	chr1	241847714	241848114	+	1000	78.0	[12.570299]	[130]	[]	[]	[241847936]	[]
876_2936	chr10	12720370	12720770	+	1000	78.0	[]	[]	[8.361351]	[96]	[]	[12720564]
876_294	chr2	46339887	46340287	+	1000	258.0	[9.252844]	[105]	[9.252844]	[102]	[46340084]	[46340081]
876_2946	chr16	21048051	21048451	+	1000	78.0	[]	[]	[12.570299]	[102]	[]	[21048228]
876_2947	chr17	78315829	78316229	+	1000	78.0	[]	[]	[12.570299]	[131]	[]	[78316044]
876_2948	chr19	38652029	38652429	+	1000	78.0	[10.2047415]	[130]	[]	[]	[38652240]	[]
876_2953	chr2	231068487	231068887	+	1000	78.0	[]	[]	[9.252844]	[95]	[]	[231068672]
876_2954	chr20	22833899	22834299	+	1000	78.0	[8.361351]	[135]	[]	[]	[22834108]	[]
876_2955	chr3	18330657	18331057	+	1000	78.0	[]	[]	[12.570299]	[97]	[]	[18330833]
876_2958	chr4	48504382	48504782	+	1000	78.0	[]	[]	[8.009179]	[101]	[]	[48504558]
876_2959	chr4	119067434	119067834	+	1000	78.0	[]	[]	[12.570299]	[84]	[]	[119067589]
876_2967	chrX	30627720	30628120	+	1000	78.0	[9.252844]	[161]	[]	[]	[30627958]	[]
876_2971	chr1	181112432	181112832	+	1000	77.5	[12.570299]	[140]	[]	[]	[181112666]	[]
876_2973	chr10	72261424	72261824	+	1000	77.5	[8.361351]	[137]	[]	[]	[72261658]	[]
876_2975	chr12	123033975	123034375	+	1000	77.5	[]	[]	[10.2047415]	[102]	[]	[123034173]
876_2979	chr16	12612529	12612929	+	1000	77.5	[12.570299]	[102]	[]	[]	[12612722]	[]
876_298	chr17	75970095	75970495	+	1000	256.0	[]	[]	[7.5891633]	[100]	[]	[75970286]
876_2980	chr17	8173262	8173662	+	1000	77.5	[]	[]	[7.5891633]	[136]	[]	[8173487]
876_2982	chr19	18380050	18380450	+	1000	77.5	[]	[]	[12.570299]	[110]	[]	[18380238]
876_2988	chr3	16527017	16527417	+	1000	77.5	[12.570299]	[105]	[]	[]	[16527180]	[]
876_299	chr3	33067433	33067833	+	1000	256.0	[10.2047415]	[98]	[]	[]	[33067629]	[]
876_2991	chr7	81462637	81463037	+	1000	77.5	[]	[]	[10.2047415]	[95]	[]	[81462815]
876_2994	chr1	248380814	248381214	+	1000	77.0	[]	[]	[12.570299]	[116]	[]	[248381022]
876_2995	chr11	77299565	77299965	+	1000	77.0	[8.361351]	[109]	[]	[]	[77299764]	[]
876_2996	chr11	113668174	113668574	+	1000	77.0	[12.570299]	[75]	[9.53014]	[68]	[113668335]	[113668328]
876_2997	chr12	28340128	28340528	+	1000	77.0	[]	[]	[9.53014]	[95]	[]	[28340321]
876_2998	chr13	73640778	73641178	+	1000	77.0	[12.570299]	[131]	[]	[]	[73640990]	[]
876_2999	chr13	93361745	93362145	+	1000	77.0	[]	[]	[12.570299]	[112]	[]	[93361931]
876_30	chr7	155324105	155324505	+	1000	810.5	[9.53014, 9.53014]	[77, 155]	[]	[]	[155324260, 155324338]	[]
876_3000	chr15	35669444	35669844	+	1000	77.0	[]	[]	[8.361351]	[96]	[]	[35669636]
876_3002	chr20	8114247	8114647	+	1000	77.0	[]	[]	[12.570299]	[101]	[]	[8114444]
876_3006	chr3	45874988	45875388	+	1000	77.0	[]	[]	[12.570299]	[111]	[]	[45875177]
876_3007	chr3	194166639	194167039	+	1000	77.0	[]	[]	[12.570299]	[107]	[]	[194166845]
876_3008	chr4	79848322	79848722	+	1000	77.0	[]	[]	[10.2047415]	[77]	[]	[79848489]
876_3010	chr5	173839094	173839494	+	1000	77.0	[]	[]	[9.53014]	[154]	[]	[173839343]
876_3011	chr6	6678204	6678604	+	1000	77.0	[12.570299]	[158]	[]	[]	[6678443]	[]
876_3012	chr6	6690078	6690478	+	1000	77.0	[]	[]	[12.570299]	[116]	[]	[6690267]
876_3014	chr7	75945202	75945602	+	1000	77.0	[12.570299]	[103]	[]	[]	[75945393]	[]
876_3015	chr7	135664010	135664410	+	1000	77.0	[12.570299]	[83]	[]	[]	[135664161]	[]
876_3016	chr9	120877696	120878096	+	1000	77.0	[9.252844, 9.252844]	[84, 128]	[]	[]	[120877851, 120877895]	[]
876_3020	chr1	161398053	161398453	+	1000	76.5	[10.2047415]	[137]	[9.252844, 10.2047415]	[94, 125]	[161398266]	[161398223, 161398254]
876_3025	chr1	221973819	221974219	+	1000	76.5	[7.553737, 12.570299]	[95, 108]	[]	[]	[221974006, 221974019]	[]
876_3026	chr1	223706447	223706847	+	1000	76.5	[]	[]	[12.570299]	[97]	[]	[223706633]
876_303	chr7	23802202	23802602	+	1000	255.5	[8.009179]	[154]	[9.53014]	[82]	[23802450]	[23802378]
876_3030	chr11	108315997	108316397	+	1000	76.5	[]	[]	[10.2047415]	[91]	[]	[108316185]
876_3031	chr12	104604619	104605019	+	1000	76.5	[]	[]	[9.53014]	[95]	[]	[104604809]
876_3035	chr16	22297951	22298351	+	1000	76.5	[12.570299]	[104]	[]	[]	[22298150]	[]
876_3038	chr19	45154055	45154455	+	1000	76.5	[]	[]	[8.361351]	[98]	[]	[45154239]
876_3042	chr2	217218780	217219180	+	1000	76.5	[]	[]	[8.361351]	[121]	[]	[217218992]
876_3045	chr22	26404839	26405239	+	1000	76.5	[8.361351]	[97]	[]	[]	[26405034]	[]
876_3046	chr3	140234836	140235236	+	1000	76.5	[]	[]	[9.53014]	[102]	[]	[140235027]
876_3049	chr7	17680890	17681290	+	1000	76.5	[12.570299]	[121]	[]	[]	[17681101]	[]
876_3051	chr9	70419987	70420387	+	1000	76.5	[10.2047415]	[95]	[7.7748694]	[54]	[70420180]	[70420139]
876_3056	chr1	156804528	156804928	+	1000	76.0	[8.182752]	[90]	[8.361351]	[119]	[156804709]	[156804738]
876_3058	chr12	123719606	123720006	+	1000	76.0	[8.182752]	[153]	[]	[]	[123719836]	[]
876_3059	chr15	44726639	44727039	+	1000	76.0	[8.361351]	[101]	[]	[]	[44726836]	[]
876_3061	chr15	101255600	101256000	+	1000	76.0	[]	[]	[9.252844, 9.252844]	[73, 166]	[]	[101255753, 101255846]
876_3062	chr16	29319725	29320125	+	1000	76.0	[7.5891633]	[100]	[10.2047415]	[108]	[29319914]	[29319922]
876_3063	chr17	8753858	8754258	+	1000	76.0	[]	[]	[9.53014]	[103]	[]	[8754050]
876_3066	chr2	200405949	200406349	+	1000	76.0	[10.2047415]	[136]	[]	[]	[200406167]	[]
876_307	chr12	46585817	46586217	+	1000	253.0	[]	[]	[12.570299]	[88]	[]	[46586005]
876_3070	chr3	126331825	126332225	+	1000	76.0	[12.570299]	[102]	[]	[]	[126332026]	[]
876_3071	chr3	172140708	172141108	+	1000	76.0	[]	[]	[10.2047415]	[60]	[]	[172140865]
876_3072	chr3	185280406	185280806	+	1000	76.0	[]	[]	[12.570299]	[103]	[]	[185280589]
876_3073	chr4	9925609	9926009	+	1000	76.0	[9.53014]	[84]	[]	[]	[9925776]	[]
876_3077	chr6	16793774	16794174	+	1000	76.0	[12.570299]	[130]	[]	[]	[16794000]	[]
876_308	chr5	119299587	119299987	+	1000	251.5	[]	[]	[12.570299]	[103]	[]	[119299786]
876_3081	chr7	140252725	140253125	+	1000	76.0	[9.252844]	[80]	[8.361351, 9.252844]	[70, 77]	[140252895]	[140252885, 140252892]
876_3082	chr7	142807935	142808335	+	1000	76.0	[]	[]	[9.53014, 9.53014]	[107, 116]	[]	[142808131, 142808140]
876_3086	chrX	43175388	43175788	+	1000	76.0	[]	[]	[8.361351]	[97]	[]	[43175575]
876_3088	chr1	23417511	23417911	+	1000	75.5	[9.252844, 9.252844]	[102, 140]	[9.252844]	[137]	[23417695, 23417733]	[23417730]
876_3090	chr1	109895802	109896202	+	1000	75.5	[]	[]	[8.361351]	[111]	[]	[109896008]
876_3091	chr1	212121761	212122161	+	1000	75.5	[9.53014]	[152]	[]	[]	[212122001]	[]
876_3097	chr12	47427155	47427555	+	1000	75.5	[12.570299]	[140]	[]	[]	[47427372]	[]
876_3098	chr15	51647088	51647488	+	1000	75.5	[]	[]	[10.2047415, 8.361351]	[89, 121]	[]	[51647251, 51647283]
876_3099	chr16	81758290	81758690	+	1000	75.5	[7.764176]	[92]	[7.764176, 10.2047415]	[91, 144]	[81758454]	[81758453, 81758506]
876_310	chrX	71996124	71996524	+	1000	251.5	[9.53014]	[82]	[]	[]	[71996298]	[]
876_3100	chr17	32899261	32899661	+	1000	75.5	[8.361351]	[109]	[]	[]	[32899460]	[]
876_3101	chr18	2658107	2658507	+	1000	75.5	[9.53014]	[134]	[]	[]	[2658332]	[]
876_3102	chr19	2507104	2507504	+	1000	75.5	[]	[]	[12.570299, 9.53014]	[79, 100]	[]	[2507260, 2507281]
876_3103	chr19	54894998	54895398	+	1000	75.5	[7.553737, 12.570299]	[96, 109]	[]	[]	[54895186, 54895199]	[]
876_3104	chr2	112509209	112509609	+	1000	75.5	[]	[]	[12.570299]	[77]	[]	[112509367]
876_3106	chr20	62088479	62088879	+	1000	75.5	[12.570299, 12.570299]	[111, 151]	[]	[]	[62088681, 62088721]	[]
876_3108	chr22	22517059	22517459	+	1000	75.5	[]	[]	[12.570299]	[167]	[]	[22517277]
876_3110	chr3	146506430	146506830	+	1000	75.5	[7.7748694, 12.570299]	[62, 122]	[]	[]	[146506591, 146506651]	[]
876_3112	chr5	40801880	40802280	+	1000	75.5	[]	[]	[10.2047415]	[150]	[]	[40802105]
876_3115	chr6	105892764	105893164	+	1000	75.5	[8.361351]	[137]	[]	[]	[105892986]	[]
876_3117	chr8	18083090	18083490	+	1000	75.5	[12.570299]	[106]	[]	[]	[18083285]	[]
876_3118	chr8	48102614	48103014	+	1000	75.5	[12.570299]	[92]	[]	[]	[48102799]	[]
876_3125	chr1	113809894	113810294	+	1000	75.0	[12.570299]	[138]	[]	[]	[113810108]	[]
876_3126	chr1	114755551	114755951	+	1000	75.0	[]	[]	[12.570299]	[107]	[]	[114755755]
876_3128	chr1	210597801	210598201	+	1000	75.0	[8.361351]	[156]	[]	[]	[210598033]	[]
876_313	chr11	94077861	94078261	+	1000	250.0	[]	[]	[8.361351]	[157]	[]	[94078112]
876_3132	chr11	43952846	43953246	+	1000	75.0	[]	[]	[12.570299]	[83]	[]	[43953012]
876_3134	chr13	51524253	51524653	+	1000	75.0	[8.361351]	[164]	[]	[]	[51524501]	[]
876_3135	chr14	101360430	101360830	+	1000	75.0	[12.570299]	[97]	[]	[]	[101360614]	[]
876_3137	chr16	85188810	85189210	+	1000	75.0	[12.570299]	[101]	[]	[]	[85189002]	[]
876_3138	chr17	45146758	45147158	+	1000	75.0	[9.252844]	[143]	[]	[]	[45146973]	[]
876_3139	chr2	134683625	134684025	+	1000	75.0	[8.361351]	[119]	[]	[]	[134683840]	[]
876_314	chr6	26311687	26312087	+	1000	249.5	[]	[]	[12.570299]	[108]	[]	[26311892]
876_3141	chr21	29789007	29789407	+	1000	75.0	[]	[]	[12.570299]	[122]	[]	[29789221]
876_3145	chr3	107470534	107470934	+	1000	75.0	[12.570299]	[117]	[]	[]	[107470729]	[]
876_3148	chr4	39514979	39515379	+	1000	75.0	[10.2047415]	[96]	[12.570299]	[170]	[39515155]	[39515229]
876_3149	chr4	68282037	68282437	+	1000	75.0	[8.361351]	[121]	[]	[]	[68282257]	[]
876_315	chr2	170345616	170346016	+	1000	249.0	[9.252844]	[115]	[9.252844]	[112]	[170345825]	[170345822]
876_3151	chr5	105230388	105230788	+	1000	75.0	[]	[]	[8.264141]	[126]	[]	[105230599]
876_3152	chr6	14047334	14047734	+	1000	75.0	[]	[]	[8.361351]	[74]	[]	[14047498]
876_3156	chr9	94042518	94042918	+	1000	75.0	[]	[]	[8.361351]	[117]	[]	[94042718]
876_3158	chrX	39816847	39817247	+	1000	75.0	[]	[]	[12.570299]	[131]	[]	[39817054]
876_316	chr4	146336472	146336872	+	1000	249.0	[]	[]	[10.2047415]	[110]	[]	[146336668]
876_3160	chr1	101098929	101099329	+	1000	74.5	[9.252844]	[123]	[9.252844]	[120]	[101099144]	[101099141]
876_3164	chr11	47863340	47863740	+	1000	74.5	[10.2047415]	[139]	[]	[]	[47863575]	[]
876_3165	chr12	14284089	14284489	+	1000	74.5	[9.252844]	[132]	[9.252844]	[129]	[14284306]	[14284303]
876_3166	chr12	62249001	62249401	+	1000	74.5	[12.570299]	[148]	[]	[]	[62249235]	[]
876_3168	chr12	102394169	102394569	+	1000	74.5	[7.553737]	[143]	[12.570299]	[86]	[102394407]	[102394350]
876_3171	chr15	36195637	36196037	+	1000	74.5	[12.570299]	[116]	[]	[]	[36195838]	[]
876_3172	chr15	38119886	38120286	+	1000	74.5	[12.570299]	[107]	[]	[]	[38120090]	[]
876_3174	chr15	43433596	43433996	+	1000	74.5	[]	[]	[8.264141]	[57]	[]	[43433747]
876_3175	chr16	3152143	3152543	+	1000	74.5	[12.570299]	[106]	[]	[]	[3152313]	[]
876_3177	chr18	50868524	50868924	+	1000	74.5	[8.361351]	[97]	[]	[]	[50868710]	[]
876_3179	chr2	127543165	127543565	+	1000	74.5	[8.361351]	[136]	[]	[]	[127543380]	[]
876_3181	chr21	37060320	37060720	+	1000	74.5	[12.570299]	[101]	[]	[]	[37060519]	[]
876_3184	chr4	185122677	185123077	+	1000	74.5	[]	[]	[7.578352]	[115]	[]	[185122882]
876_3185	chr6	15735615	15736015	+	1000	74.5	[]	[]	[10.2047415]	[91]	[]	[15735800]
876_3188	chr6	82558668	82559068	+	1000	74.5	[12.570299]	[112]	[]	[]	[82558869]	[]
876_3191	chr7	98300961	98301361	+	1000	74.5	[]	[]	[8.361351]	[106]	[]	[98301156]
876_3194	chr9	76375139	76375539	+	1000	74.5	[]	[]	[12.570299]	[101]	[]	[76375332]
876_3201	chr1	229280479	229280879	+	1000	74.0	[]	[]	[8.361351]	[159]	[]	[229280709]
876_3202	chr1	246078574	246078974	+	1000	74.0	[8.009179]	[140]	[]	[]	[246078798]	[]
876_3207	chr15	50134470	50134870	+	1000	74.0	[8.361351]	[108]	[]	[]	[50134672]	[]
876_3215	chr22	20556852	20557252	+	1000	74.0	[]	[]	[9.252844]	[186]	[]	[20557072]
876_3219	chr3	168117980	168118380	+	1000	74.0	[]	[]	[12.570299]	[107]	[]	[168118187]
876_3220	chr5	37549410	37549810	+	1000	74.0	[]	[]	[10.2047415]	[98]	[]	[37549604]
876_3222	chr6	10583620	10584020	+	1000	74.0	[8.361351]	[112]	[]	[]	[10583825]	[]
876_3223	chr6	100229513	100229913	+	1000	74.0	[]	[]	[9.53014]	[123]	[]	[100229733]
876_3224	chr6	141815091	141815491	+	1000	74.0	[12.570299]	[96]	[]	[]	[141815283]	[]
876_3226	chr7	66168027	66168427	+	1000	74.0	[]	[]	[9.53014, 12.570299]	[110, 138]	[]	[66168221, 66168249]
876_3228	chr9	129893027	129893427	+	1000	74.0	[8.84223]	[73]	[]	[]	[129893197]	[]
876_3231	chrX	66064215	66064615	+	1000	74.0	[]	[]	[9.252844]	[101]	[]	[66064404]
876_3232	chr1	54052376	54052776	+	1000	73.5	[12.570299]	[142]	[]	[]	[54052583]	[]
876_3233	chr1	212030953	212031353	+	1000	73.5	[8.361351]	[139]	[]	[]	[212031176]	[]
876_3234	chr10	28496404	28496804	+	1000	73.5	[8.361351]	[122]	[]	[]	[28496616]	[]
876_3235	chr10	71980295	71980695	+	1000	73.5	[]	[]	[8.84223, 8.361351]	[61, 136]	[]	[71980448, 71980523]
876_3237	chr10	74293629	74294029	+	1000	73.5	[12.570299]	[150]	[]	[]	[74293862]	[]
876_3238	chr11	5161006	5161406	+	1000	73.5	[7.553737, 12.570299]	[84, 97]	[]	[]	[5161184, 5161197]	[]
876_3241	chr12	88847257	88847657	+	1000	73.5	[12.570299]	[106]	[]	[]	[88847459]	[]
876_3243	chr12	96472338	96472738	+	1000	73.5	[8.182752, 12.570299]	[86, 100]	[9.53014, 10.2047415]	[111, 115]	[96472504, 96472518]	[96472529, 96472533]
876_3244	chr13	79441618	79442018	+	1000	73.5	[8.84223]	[74]	[12.570299, 8.361351]	[85, 95]	[79441788]	[79441799, 79441809]
876_3246	chr14	34047158	34047558	+	1000	73.5	[9.252844]	[97]	[]	[]	[34047351]	[]
876_3247	chr15	92811127	92811527	+	1000	73.5	[]	[]	[9.252844, 12.570299]	[96, 115]	[]	[92811319, 92811338]
876_3249	chr17	75257195	75257595	+	1000	73.5	[]	[]	[12.570299, 7.553737]	[93, 106]	[]	[75257376, 75257389]
876_325	chr21	14762808	14763208	+	1000	246.0	[]	[]	[12.570299]	[128]	[]	[14763008]
876_3251	chr18	46199507	46199907	+	1000	73.5	[]	[]	[12.570299, 8.84223]	[96, 170]	[]	[46199678, 46199752]
876_3252	chr19	45780309	45780709	+	1000	73.5	[]	[]	[10.2047415]	[90]	[]	[45780499]
876_3254	chr2	62520999	62521399	+	1000	73.5	[]	[]	[12.570299]	[114]	[]	[62521202]
876_3256	chr21	21147943	21148343	+	1000	73.5	[9.53014]	[150]	[10.2047415]	[99]	[21148182]	[21148131]
876_3260	chr3	37037335	37037735	+	1000	73.5	[8.361351]	[106]	[]	[]	[37037538]	[]
876_3264	chr4	48329272	48329672	+	1000	73.5	[12.570299]	[126]	[]	[]	[48329482]	[]
876_3265	chr4	75555317	75555717	+	1000	73.5	[]	[]	[9.53014, 8.182752]	[82, 92]	[]	[75555495, 75555505]
876_3267	chr5	1799979	1800379	+	1000	73.5	[12.570299]	[123]	[7.578352]	[169]	[1800173]	[1800219]
876_3268	chr5	86731305	86731705	+	1000	73.5	[]	[]	[12.570299]	[108]	[]	[86731488]
876_327	chr1	12604362	12604762	+	1000	245.0	[]	[]	[8.361351, 9.252844]	[73, 117]	[]	[12604523, 12604567]
876_3272	chr6	135181107	135181507	+	1000	73.5	[]	[]	[12.570299, 8.264141]	[93, 102]	[]	[135181294, 135181303]
876_3276	chr7	102121491	102121891	+	1000	73.5	[]	[]	[12.570299]	[71]	[]	[102121649]
876_3277	chr8	86108658	86109058	+	1000	73.5	[]	[]	[9.53014]	[106]	[]	[86108863]
876_3278	chr8	140464073	140464473	+	1000	73.5	[12.570299]	[121]	[]	[]	[140464283]	[]
876_3282	chr1	46522556	46522956	+	1000	73.0	[]	[]	[9.252844]	[127]	[]	[46522769]
876_3285	chr1	179599569	179599969	+	1000	73.0	[8.361351]	[126]	[]	[]	[179599772]	[]
876_3289	chr10	84020050	84020450	+	1000	73.0	[12.570299]	[127]	[]	[]	[84020274]	[]
876_329	chr8	23400756	23401156	+	1000	244.0	[]	[]	[10.2047415]	[91]	[]	[23400944]
876_3290	chr11	66431839	66432239	+	1000	73.0	[]	[]	[12.570299]	[101]	[]	[66432031]
876_3292	chr15	83092424	83092824	+	1000	73.0	[9.252844]	[120]	[]	[]	[83092644]	[]
876_3293	chr15	88548005	88548405	+	1000	73.0	[12.570299, 12.570299]	[96, 116]	[]	[]	[88548192, 88548212]	[]
876_3294	chr16	22205899	22206299	+	1000	73.0	[]	[]	[9.252844]	[101]	[]	[22206095]
876_3296	chr18	3037412	3037812	+	1000	73.0	[8.182752]	[144]	[12.570299]	[95]	[3037647]	[3037598]
876_3297	chr19	38676435	38676835	+	1000	73.0	[12.570299]	[95]	[]	[]	[38676629]	[]
876_3299	chr2	26772340	26772740	+	1000	73.0	[8.361351]	[114]	[]	[]	[26772549]	[]
876_33	chr2	113012835	113013235	+	1000	774.0	[]	[]	[8.361351]	[103]	[]	[113013038]
876_3300	chr2	28661667	28662067	+	1000	73.0	[12.570299]	[97]	[]	[]	[28661857]	[]
876_3302	chr2	216645345	216645745	+	1000	73.0	[12.570299]	[152]	[]	[]	[216645569]	[]
876_3304	chr22	26658937	26659337	+	1000	73.0	[]	[]	[12.570299]	[102]	[]	[26659128]
876_3305	chr3	39322910	39323310	+	1000	73.0	[12.570299]	[150]	[]	[]	[39323144]	[]
876_3306	chr3	102355119	102355519	+	1000	73.0	[]	[]	[7.578352]	[74]	[]	[102355287]
876_3307	chr3	142374193	142374593	+	1000	73.0	[12.570299]	[103]	[]	[]	[142374385]	[]
876_3308	chr4	110076880	110077280	+	1000	73.0	[12.570299]	[90]	[]	[]	[110077070]	[]
876_3309	chr5	10725852	10726252	+	1000	73.0	[8.361351]	[141]	[]	[]	[10726082]	[]
876_3311	chr5	82205014	82205414	+	1000	73.0	[]	[]	[9.252844]	[128]	[]	[82205221]
876_3316	chr5	139651104	139651504	+	1000	73.0	[]	[]	[8.361351]	[104]	[]	[139651308]
876_3317	chr5	163261631	163262031	+	1000	73.0	[7.7748694]	[147]	[9.252844]	[101]	[163261874]	[163261828]
876_3318	chr6	34252345	34252745	+	1000	73.0	[8.009179]	[91]	[]	[]	[34252520]	[]
876_332	chr1	241610097	241610497	+	1000	242.5	[12.570299, 8.84223]	[94, 126]	[]	[]	[241610289, 241610321]	[]
876_3320	chr7	131111887	131112287	+	1000	73.0	[10.2047415]	[137]	[8.182752]	[167]	[131112094]	[131112124]
876_3322	chr9	76630937	76631337	+	1000	73.0	[8.361351]	[119]	[]	[]	[76631128]	[]
876_3323	chr9	127862135	127862535	+	1000	73.0	[]	[]	[12.570299]	[132]	[]	[127862360]
876_3326	chr1	23478837	23479237	+	1000	72.5	[]	[]	[12.570299]	[79]	[]	[23479016]
876_3327	chr1	24274337	24274737	+	1000	72.5	[]	[]	[12.570299]	[135]	[]	[24274539]
876_3328	chr1	39892495	39892895	+	1000	72.5	[10.2047415, 9.53014]	[115, 119]	[]	[]	[39892708, 39892712]	[]
876_333	chr10	72276796	72277196	+	1000	242.5	[7.5891633]	[138]	[]	[]	[72277032]	[]
876_3331	chr10	5615201	5615601	+	1000	72.5	[7.553737]	[169]	[]	[]	[5615444]	[]
876_3333	chr11	88363022	88363422	+	1000	72.5	[7.764176]	[150]	[9.252844]	[166]	[88363254]	[88363270]
876_3334	chr12	70659286	70659686	+	1000	72.5	[8.361351, 7.5891633]	[92, 146]	[]	[]	[70659470, 70659524]	[]
876_3335	chr13	29758431	29758831	+	1000	72.5	[12.570299]	[137]	[]	[]	[29758660]	[]
876_3336	chr15	98812717	98813117	+	1000	72.5	[]	[]	[8.361351]	[97]	[]	[98812901]
876_3338	chr16	55623097	55623497	+	1000	72.5	[]	[]	[9.53014]	[99]	[]	[55623252]
876_3339	chr17	65022799	65023199	+	1000	72.5	[]	[]	[12.570299]	[114]	[]	[65022999]
876_334	chr12	52949734	52950134	+	1000	242.0	[12.570299]	[116]	[]	[]	[52949949]	[]
876_3340	chr19	6737837	6738237	+	1000	72.5	[12.570299]	[123]	[]	[]	[6738048]	[]
876_3342	chr2	27006779	27007179	+	1000	72.5	[8.009179]	[136]	[12.570299]	[85]	[27007006]	[27006955]
876_3343	chr2	46409024	46409424	+	1000	72.5	[]	[]	[8.361351]	[100]	[]	[46409224]
876_3344	chr20	47605728	47606128	+	1000	72.5	[]	[]	[9.53014, 9.53014, 10.2047415]	[145, 184, 188]	[]	[47605916, 47605955, 47605959]
876_3346	chr22	21824521	21824921	+	1000	72.5	[12.570299]	[131]	[9.252844]	[96]	[21824731]	[21824696]
876_3348	chr22	23223158	23223558	+	1000	72.5	[]	[]	[9.252844]	[111]	[]	[23223319]
876_3349	chr22	36028658	36029058	+	1000	72.5	[]	[]	[9.53014]	[93]	[]	[36028849]
876_335	chr21	39095066	39095466	+	1000	242.0	[9.252844]	[100]	[]	[]	[39095262]	[]
876_3350	chr3	119676722	119677122	+	1000	72.5	[8.361351]	[121]	[]	[]	[119676942]	[]
876_3352	chr4	929888	930288	+	1000	72.5	[12.570299]	[76]	[12.570299]	[119]	[930064]	[930107]
876_3358	chr5	136133955	136134355	+	1000	72.5	[]	[]	[12.570299]	[70]	[]	[136134121]
876_336	chr10	45362421	45362821	+	1000	241.5	[12.570299]	[110]	[]	[]	[45362629]	[]
876_3368	chr9	37295825	37296225	+	1000	72.5	[]	[]	[10.2047415]	[99]	[]	[37296015]
876_3369	chr1	23716093	23716493	+	1000	72.0	[7.7748694]	[69]	[]	[]	[23716248]	[]
876_3371	chr1	61184083	61184483	+	1000	72.0	[]	[]	[10.2047415]	[106]	[]	[61184289]
876_3374	chr1	114453443	114453843	+	1000	72.0	[8.361351]	[125]	[]	[]	[114453661]	[]
876_3378	chr1	220045465	220045865	+	1000	72.0	[]	[]	[12.570299]	[105]	[]	[220045670]
876_3379	chr1	221672921	221673321	+	1000	72.0	[]	[]	[12.570299]	[153]	[]	[221673167]
876_338	chr6	137223795	137224195	+	1000	241.5	[8.361351]	[118]	[]	[]	[137224001]	[]
876_3386	chr11	96329360	96329760	+	1000	72.0	[10.2047415]	[174]	[]	[]	[96329603]	[]
876_3387	chr12	21419427	21419827	+	1000	72.0	[12.570299]	[171]	[]	[]	[21419675]	[]
876_3388	chr12	25633102	25633502	+	1000	72.0	[8.361351]	[87]	[]	[]	[25633279]	[]
876_3389	chr12	56966286	56966686	+	1000	72.0	[12.570299]	[102]	[]	[]	[56966461]	[]
876_339	chr1	111161835	111162235	+	1000	241.0	[12.570299]	[91]	[]	[]	[111162025]	[]
876_3393	chr14	49770333	49770733	+	1000	72.0	[8.361351]	[99]	[]	[]	[49770529]	[]
876_3394	chr15	56251381	56251781	+	1000	72.0	[7.7748694]	[108]	[]	[]	[56251570]	[]
876_3398	chr17	62307195	62307595	+	1000	72.0	[]	[]	[12.570299]	[124]	[]	[62307406]
876_3399	chr17_GL000205v2_random	64734	65134	+	1000	72.0	[7.677661]	[155]	[7.677661]	[154]	[64895]	[64894]
876_3400	chr19	17751148	17751548	+	1000	72.0	[]	[]	[12.570299]	[109]	[]	[17751348]
876_3402	chr2	60989251	60989651	+	1000	72.0	[12.570299]	[86]	[]	[]	[60989425]	[]
876_3403	chr2	156083652	156084052	+	1000	72.0	[]	[]	[12.570299]	[102]	[]	[156083851]
876_3404	chr20	46363855	46364255	+	1000	72.0	[]	[]	[12.570299]	[139]	[]	[46364041]
876_3406	chr21	34110557	34110957	+	1000	72.0	[]	[]	[8.84223]	[157]	[]	[34110776]
876_3409	chr22	22866257	22866657	+	1000	72.0	[]	[]	[10.2047415, 8.84223]	[149, 160]	[]	[22866482, 22866493]
876_3412	chr3	160210955	160211355	+	1000	72.0	[]	[]	[8.84223]	[153]	[]	[160211187]
876_3418	chr6	89509743	89510143	+	1000	72.0	[]	[]	[12.570299]	[93]	[]	[89509936]
876_3422	chr7	107494421	107494821	+	1000	72.0	[10.2047415]	[111]	[12.570299]	[128]	[107494617]	[107494634]
876_3423	chr9	112176602	112177002	+	1000	72.0	[]	[]	[12.570299]	[112]	[]	[112176787]
876_3424	chr9	131627541	131627941	+	1000	72.0	[8.84223]	[173]	[]	[]	[131627790]	[]
876_3425	chrX	24149943	24150343	+	1000	72.0	[10.2047415]	[138]	[]	[]	[24150168]	[]
876_3427	chr1	25911189	25911589	+	1000	71.5	[9.252844]	[114]	[9.252844, 7.7748694]	[111, 156]	[25911397]	[25911394, 25911439]
876_343	chr6	4176897	4177297	+	1000	240.0	[]	[]	[12.570299]	[106]	[]	[4177091]
876_3434	chr12	91618329	91618729	+	1000	71.5	[]	[]	[10.2047415]	[105]	[]	[91618531]
876_3439	chr15	56978898	56979298	+	1000	71.5	[]	[]	[12.570299, 8.84223]	[156, 187]	[]	[56979116, 56979147]
876_344	chr1	58885313	58885713	+	1000	239.0	[8.361351]	[121]	[]	[]	[58885525]	[]
876_3440	chr15	101107609	101108009	+	1000	71.5	[7.578352]	[105]	[]	[]	[101107804]	[]
876_3442	chr17	16313466	16313866	+	1000	71.5	[]	[]	[9.53014]	[103]	[]	[16313651]
876_3443	chr17	42266945	42267345	+	1000	71.5	[12.570299]	[95]	[]	[]	[42267134]	[]
876_3445	chr18	9475351	9475751	+	1000	71.5	[12.570299]	[100]	[]	[]	[9475538]	[]
876_3447	chr2	37803012	37803412	+	1000	71.5	[12.570299]	[135]	[]	[]	[37803228]	[]
876_3448	chr2	112290150	112290550	+	1000	71.5	[]	[]	[10.2047415]	[159]	[]	[112290385]
876_345	chr10	50579947	50580347	+	1000	239.0	[7.5891633, 12.570299]	[71, 125]	[12.570299]	[113]	[50580107, 50580161]	[50580149]
876_3451	chr2	233583182	233583582	+	1000	71.5	[]	[]	[12.570299]	[128]	[]	[233583392]
876_3453	chr22	21108773	21109173	+	1000	71.5	[7.677661]	[148]	[7.677661]	[147]	[21108987]	[21108986]
876_3455	chr22	22507673	22508073	+	1000	71.5	[7.578352]	[127]	[]	[]	[22507877]	[]
876_3456	chr22	22722232	22722632	+	1000	71.5	[7.578352]	[123]	[]	[]	[22722452]	[]
876_3463	chr5	99037761	99038161	+	1000	71.5	[12.570299]	[119]	[]	[]	[99037971]	[]
876_3464	chr5	163212222	163212622	+	1000	71.5	[12.570299]	[124]	[]	[]	[163212437]	[]
876_3469	chr6	33199925	33200325	+	1000	71.5	[]	[]	[12.570299]	[108]	[]	[33200127]
876_347	chr6	26957773	26958173	+	1000	239.0	[10.2047415]	[74]	[10.2047415]	[144]	[26957943]	[26958013]
876_3472	chr6	86731639	86732039	+	1000	71.5	[12.570299]	[126]	[]	[]	[86731858]	[]
876_3481	chr9	130740447	130740847	+	1000	71.5	[9.252844]	[91]	[]	[]	[130740635]	[]
876_3487	chr1	155648529	155648929	+	1000	71.0	[8.84223]	[145]	[]	[]	[155648749]	[]
876_3490	chr1	193395591	193395991	+	1000	71.0	[8.361351, 12.570299]	[121, 131]	[8.84223]	[142]	[193395803, 193395813]	[193395824]
876_3491	chr1	230966416	230966816	+	1000	71.0	[9.252844]	[135]	[]	[]	[230966646]	[]
876_3492	chr11	18575348	18575748	+	1000	71.0	[8.182752, 8.361351]	[89, 118]	[12.570299]	[144]	[18575535, 18575564]	[18575590]
876_3495	chr12	112932466	112932866	+	1000	71.0	[]	[]	[10.2047415]	[91]	[]	[112932657]
876_3497	chr13	91085064	91085464	+	1000	71.0	[]	[]	[7.553737]	[167]	[]	[91085244]
876_350	chr9	125284504	125284904	+	1000	238.5	[12.570299]	[101]	[12.570299]	[118]	[125284697]	[125284714]
876_3501	chr18	46868078	46868478	+	1000	71.0	[12.570299]	[147]	[]	[]	[46868296]	[]
876_3507	chr22	24146028	24146428	+	1000	71.0	[12.570299]	[131]	[]	[]	[24146249]	[]
876_3508	chr3	6490279	6490679	+	1000	71.0	[]	[]	[12.570299]	[114]	[]	[6490459]
876_3509	chr3	11270835	11271235	+	1000	71.0	[]	[]	[12.570299]	[123]	[]	[11271053]
876_3513	chr3	193970916	193971316	+	1000	71.0	[]	[]	[10.2047415, 10.2047415]	[82, 173]	[]	[193971076, 193971167]
876_3514	chr4	72383471	72383871	+	1000	71.0	[]	[]	[8.264141]	[103]	[]	[72383647]
876_3516	chr4	122110362	122110762	+	1000	71.0	[12.570299]	[108]	[]	[]	[122110563]	[]
876_3518	chr5	85638573	85638973	+	1000	71.0	[]	[]	[9.252844]	[121]	[]	[85638782]
876_3519	chr5	138457090	138457490	+	1000	71.0	[]	[]	[8.361351]	[106]	[]	[138457290]
876_3520	chr5	141605339	141605739	+	1000	71.0	[]	[]	[10.2047415]	[101]	[]	[141605510]
876_3521	chr6	22180219	22180619	+	1000	71.0	[]	[]	[12.570299]	[96]	[]	[22180410]
876_3523	chr7	26420370	26420770	+	1000	71.0	[7.7748694, 10.2047415]	[90, 136]	[]	[]	[26420537, 26420583]	[]
876_3525	chr8	119983701	119984101	+	1000	71.0	[]	[]	[8.361351]	[98]	[]	[119983890]
876_3527	chr9	96574899	96575299	+	1000	71.0	[]	[]	[9.53014]	[111]	[]	[96575086]
876_353	chr9	107161306	107161706	+	1000	238.0	[12.570299]	[100]	[]	[]	[107161499]	[]
876_3531	chrX	114044868	114045268	+	1000	71.0	[]	[]	[12.570299, 7.553737]	[133, 146]	[]	[114045089, 114045102]
876_3535	chr11	27296401	27296801	+	1000	70.5	[12.570299]	[135]	[]	[]	[27296633]	[]
876_3536	chr11	63858565	63858965	+	1000	70.5	[12.570299]	[106]	[7.5891633]	[147]	[63858762]	[63858803]
876_3537	chr11	86158756	86159156	+	1000	70.5	[9.252844]	[167]	[9.252844]	[164]	[86159004]	[86159001]
876_3538	chr12	32051509	32051909	+	593	70.5	[10.2047415]	[145]	[]	[]	[32051723]	[]
876_3542	chr14	50044980	50045380	+	1000	70.5	[]	[]	[12.570299]	[147]	[]	[50045183]
876_3546	chr16	14289686	14290086	+	1000	70.5	[8.361351]	[100]	[]	[]	[14289882]	[]
876_3548	chr16	84537425	84537825	+	1000	70.5	[]	[]	[8.84223]	[131]	[]	[84537582]
876_3550	chr2	799785	800185	+	1000	70.5	[12.570299]	[164]	[]	[]	[800012]	[]
876_3551	chr2	8684458	8684858	+	1000	70.5	[]	[]	[9.252844]	[81]	[]	[8684617]
876_3552	chr2	68367929	68368329	+	1000	70.5	[]	[]	[8.361351]	[84]	[]	[68368093]
876_3555	chr22	23249432	23249832	+	1000	70.5	[]	[]	[9.252844]	[86]	[]	[23249618]
876_3556	chr3	19931597	19931997	+	1000	70.5	[12.570299]	[122]	[]	[]	[19931818]	[]
876_3557	chr3	37782558	37782958	+	1000	70.5	[]	[]	[9.53014]	[90]	[]	[37782737]
876_3558	chr3	43542388	43542788	+	1000	70.5	[]	[]	[9.252844]	[129]	[]	[43542597]
876_356	chr10	35379368	35379768	+	1000	237.0	[]	[]	[8.361351]	[95]	[]	[35379560]
876_3560	chr3	72740021	72740421	+	1000	70.5	[]	[]	[12.570299]	[126]	[]	[72740234]
876_3561	chr3	128111138	128111538	+	1000	70.5	[12.570299]	[138]	[7.676677]	[91]	[128111375]	[128111328]
876_3562	chr4	55948008	55948408	+	1000	70.5	[12.570299]	[182]	[]	[]	[55948247]	[]
876_3566	chr6	34705315	34705715	+	1000	70.5	[12.570299]	[116]	[]	[]	[34705526]	[]
876_3570	chr6	109349511	109349911	+	1000	70.5	[]	[]	[7.553737]	[142]	[]	[109349753]
876_3572	chr6	144893798	144894198	+	1000	70.5	[8.361351]	[160]	[]	[]	[144894045]	[]
876_3573	chr6	147212573	147212973	+	1000	70.5	[7.553737]	[95]	[12.570299]	[104]	[147212751]	[147212760]
876_3574	chr6	160138223	160138623	+	1000	70.5	[]	[]	[7.764176, 8.361351]	[96, 108]	[]	[160138418, 160138430]
876_3576	chr7	22111511	22111911	+	1000	70.5	[12.570299]	[101]	[]	[]	[22111703]	[]
876_3577	chr7	91576487	91576887	+	1000	70.5	[]	[]	[8.009179]	[85]	[]	[91576658]
876_3579	chr7	107387642	107388042	+	1000	70.5	[]	[]	[9.53014]	[106]	[]	[107387837]
876_3586	chr1	46179530	46179930	+	1000	70.0	[9.252844]	[129]	[]	[]	[46179746]	[]
876_359	chr5	163426173	163426573	+	1000	236.0	[8.009179]	[57]	[12.570299]	[100]	[163426327]	[163426370]
876_3590	chr10	94165110	94165510	+	1000	70.0	[]	[]	[12.570299]	[100]	[]	[94165302]
876_3591	chr11	38766785	38767185	+	1000	70.0	[12.570299]	[96]	[]	[]	[38766977]	[]
876_3592	chr11	72118410	72118810	+	1000	70.0	[]	[]	[9.252844]	[76]	[]	[72118582]
876_3595	chr12	68494107	68494507	+	1000	70.0	[]	[]	[12.570299]	[56]	[]	[68494260]
876_360	chr6	45294348	45294748	+	1000	235.5	[8.009179]	[73]	[12.570299]	[113]	[45294521]	[45294561]
876_3601	chr15	70812064	70812464	+	1000	70.0	[]	[]	[12.570299]	[112]	[]	[70812268]
876_3604	chr17	27346575	27346975	+	1000	70.0	[12.570299]	[134]	[]	[]	[27346793]	[]
876_3606	chr17	40844609	40845009	+	1000	70.0	[]	[]	[8.361351]	[109]	[]	[40844808]
876_3611	chr20	33688953	33689353	+	1000	70.0	[8.361351]	[120]	[]	[]	[33689136]	[]
876_3615	chr22	22845451	22845851	+	1000	70.0	[]	[]	[8.84223]	[115]	[]	[22845641]
876_3616	chr3	40418187	40418587	+	1000	70.0	[12.570299]	[105]	[]	[]	[40418382]	[]
876_3618	chr4	99863811	99864211	+	1000	70.0	[8.84223]	[144]	[]	[]	[99864030]	[]
876_3619	chr4	150867070	150867470	+	1000	70.0	[12.570299]	[151]	[]	[]	[150867316]	[]
876_3620	chr4	169622034	169622434	+	1000	70.0	[10.2047415]	[160]	[7.7748694]	[100]	[169622253]	[169622193]
876_3621	chr5	93213407	93213807	+	1000	70.0	[12.570299]	[110]	[]	[]	[93213612]	[]
876_3624	chr6	108971325	108971725	+	1000	70.0	[9.252844, 9.252844]	[119, 132]	[]	[]	[108971532, 108971545]	[]
876_3626	chr7	92010180	92010580	+	1000	70.0	[]	[]	[8.361351]	[107]	[]	[92010384]
876_3629	chr8	41823130	41823530	+	1000	70.0	[]	[]	[10.2047415]	[157]	[]	[41823341]
876_3630	chr8	129962593	129962993	+	1000	70.0	[12.570299]	[106]	[]	[]	[129962796]	[]
876_3633	chr9	130783129	130783529	+	1000	70.0	[7.5891633]	[144]	[12.570299]	[107]	[130783367]	[130783330]
876_3639	chr1	228505946	228506346	+	1000	69.5	[12.570299]	[150]	[]	[]	[228506143]	[]
876_364	chr2	47078946	47079346	+	1000	234.5	[7.764176]	[125]	[12.570299]	[80]	[47079169]	[47079124]
876_3640	chr1	246170504	246170904	+	1000	69.5	[]	[]	[10.2047415]	[150]	[]	[246170697]
876_3641	chr10	26810430	26810830	+	1000	69.5	[12.570299]	[108]	[]	[]	[26810628]	[]
876_3643	chr11	62553054	62553454	+	1000	69.5	[12.570299]	[168]	[]	[]	[62553295]	[]
876_3645	chr12	114955580	114955980	+	1000	69.5	[]	[]	[10.2047415]	[126]	[]	[114955799]
876_3651	chr2	43634523	43634923	+	1000	69.5	[10.2047415]	[133]	[]	[]	[43634743]	[]
876_3655	chr3	167937450	167937850	+	1000	69.5	[]	[]	[12.570299]	[97]	[]	[167937640]
876_3656	chr3	179148012	179148412	+	1000	69.5	[]	[]	[12.570299]	[97]	[]	[179148208]
876_3657	chr4	78714598	78714998	+	1000	69.5	[7.553737, 12.570299]	[95, 108]	[]	[]	[78714771, 78714784]	[]
876_3658	chr4	82885386	82885786	+	1000	69.5	[]	[]	[12.570299]	[110]	[]	[82885595]
876_3659	chr5	112370999	112371399	+	1000	69.5	[]	[]	[10.2047415]	[77]	[]	[112371166]
876_366	chr18	23101757	23102157	+	1000	233.5	[]	[]	[8.361351]	[106]	[]	[23101957]
876_3662	chr6	28474405	28474805	+	1000	69.5	[]	[]	[12.570299]	[83]	[]	[28474584]
876_3664	chr7	93793035	93793435	+	1000	69.5	[]	[]	[12.570299]	[83]	[]	[93793205]
876_3666	chr9	120536923	120537323	+	1000	69.5	[9.53014]	[156]	[]	[]	[120537164]	[]
876_3667	chr9	131257367	131257767	+	1000	69.5	[]	[]	[12.570299]	[78]	[]	[131257539]
876_3669	chr1	26717204	26717604	+	1000	69.0	[8.84223]	[82]	[12.570299]	[101]	[26717376]	[26717395]
876_367	chr7	108235428	108235828	+	1000	233.5	[]	[]	[12.570299]	[102]	[]	[108235626]
876_3670	chr1	99599514	99599914	+	1000	69.0	[]	[]	[10.2047415]	[109]	[]	[99599718]
876_3674	chr1	242216378	242216778	+	1000	69.0	[]	[]	[12.570299]	[101]	[]	[242216576]
876_3675	chr1	244370237	244370637	+	1000	69.0	[]	[]	[10.2047415]	[73]	[]	[244370401]
876_3679	chr10	84762208	84762608	+	1000	69.0	[]	[]	[12.570299]	[107]	[]	[84762410]
876_368	chr1	16540661	16541061	+	1000	233.0	[]	[]	[12.570299]	[91]	[]	[16540850]
876_3680	chr10	97334556	97334956	+	1000	69.0	[12.570299]	[100]	[]	[]	[97334751]	[]
876_3681	chr11	6612500	6612900	+	1000	69.0	[8.361351]	[138]	[]	[]	[6612724]	[]
876_3684	chr11	102746818	102747218	+	1000	69.0	[]	[]	[12.570299]	[102]	[]	[102746991]
876_3685	chr12	11992485	11992885	+	1000	69.0	[]	[]	[8.009179]	[113]	[]	[11992698]
876_3687	chr12	65199567	65199967	+	1000	69.0	[12.570299, 10.2047415]	[58, 113]	[]	[]	[65199723, 65199778]	[]
876_369	chr14	20613367	20613767	+	1000	232.5	[7.553737]	[129]	[]	[]	[20613595]	[]
876_3690	chr13	91360279	91360679	+	1000	69.0	[8.182752, 7.676677]	[148, 191]	[]	[]	[91360445, 91360488]	[]
876_3692	chr14	56333630	56334030	+	1000	69.0	[12.570299]	[97]	[]	[]	[56333824]	[]
876_3694	chr16	1645939	1646339	+	1000	69.0	[]	[]	[8.361351]	[115]	[]	[1646140]
876_3695	chr17	75350107	75350507	+	1000	69.0	[12.570299]	[75]	[]	[]	[75350259]	[]
876_3698	chr2	55793585	55793985	+	1000	69.0	[]	[]	[12.570299]	[105]	[]	[55793786]
876_3699	chr2	167945227	167945627	+	1000	69.0	[]	[]	[12.570299]	[95]	[]	[167945396]
876_370	chr9	97943405	97943805	+	1000	232.5	[9.53014]	[148]	[]	[]	[97943626]	[]
876_3700	chr20	325244	325644	+	1000	69.0	[]	[]	[12.570299]	[116]	[]	[325454]
876_3701	chr20	41594471	41594871	+	1000	69.0	[9.252844, 12.570299]	[79, 158]	[]	[]	[41594637, 41594716]	[]
876_3706	chr22	22010610	22011010	+	1000	69.0	[12.570299]	[105]	[]	[]	[22010792]	[]
876_3707	chr22	22725986	22726386	+	1000	69.0	[7.5891633]	[203]	[]	[]	[22726226]	[]
876_3709	chr3	46810274	46810674	+	1000	69.0	[]	[]	[8.361351]	[106]	[]	[46810479]
876_371	chr3	17693354	17693754	+	1000	232.0	[12.570299]	[109]	[]	[]	[17693562]	[]
876_3710	chr3	65575340	65575740	+	1000	69.0	[]	[]	[10.2047415]	[95]	[]	[65575520]
876_3712	chr4	158663574	158663974	+	1000	69.0	[12.570299]	[94]	[]	[]	[158663733]	[]
876_3713	chr5	62752647	62753047	+	1000	69.0	[12.570299]	[148]	[]	[]	[62752877]	[]
876_3715	chr5	76457916	76458316	+	1000	69.0	[]	[]	[8.361351]	[129]	[]	[76458126]
876_3716	chr5	91379902	91380302	+	1000	69.0	[12.570299]	[127]	[]	[]	[91380120]	[]
876_3717	chr5	120599507	120599907	+	1000	69.0	[]	[]	[12.570299]	[115]	[]	[120599708]
876_3721	chr6	41825101	41825501	+	1000	69.0	[]	[]	[8.361351]	[125]	[]	[41825321]
876_3722	chr6	108312502	108312902	+	1000	69.0	[8.361351]	[163]	[]	[]	[108312745]	[]
876_3726	chr7	77696294	77696694	+	1000	69.0	[10.2047415]	[72]	[]	[]	[77696448]	[]
876_3729	chr8	65998228	65998628	+	1000	69.0	[]	[]	[7.676677, 12.570299]	[66, 136]	[]	[65998382, 65998452]
876_373	chr7	106978485	106978885	+	1000	231.0	[]	[]	[8.182752]	[95]	[]	[106978668]
876_3730	chr8	144901958	144902358	+	1000	69.0	[]	[]	[12.570299]	[134]	[]	[144902189]
876_3731	chr9	87042145	87042545	+	1000	69.0	[12.570299]	[100]	[]	[]	[87042344]	[]
876_3732	chr9	111601561	111601961	+	1000	69.0	[]	[]	[10.2047415]	[98]	[]	[111601740]
876_3733	chr9	123323119	123323519	+	1000	69.0	[]	[]	[12.570299]	[86]	[]	[123323305]
876_3737	chr1	45827265	45827665	+	1000	68.5	[10.2047415]	[137]	[]	[]	[45827497]	[]
876_3739	chr1	61170635	61171035	+	1000	68.5	[8.84223]	[163]	[]	[]	[61170883]	[]
876_374	chr9	94563528	94563928	+	1000	231.0	[8.182752]	[108]	[]	[]	[94563724]	[]
876_3744	chr1	203291184	203291584	+	1000	68.5	[10.2047415]	[89]	[9.252844]	[120]	[203291357]	[203291388]
876_3745	chr1	210330291	210330691	+	1000	68.5	[]	[]	[12.570299]	[116]	[]	[210330504]
876_3747	chr10	12068458	12068858	+	1000	68.5	[12.570299]	[142]	[]	[]	[12068688]	[]
876_3749	chr10	106808830	106809230	+	1000	68.5	[12.570299]	[119]	[]	[]	[106809037]	[]
876_375	chr6	157682852	157683252	+	1000	230.5	[12.570299]	[107]	[]	[]	[157683035]	[]
876_3750	chr11	59898656	59899056	+	1000	68.5	[10.2047415, 7.578352]	[117, 145]	[]	[]	[59898871, 59898899]	[]
876_3751	chr12	23722641	23723041	+	1000	68.5	[]	[]	[9.252844]	[123]	[]	[23722854]
876_3754	chr15	42377981	42378381	+	1000	68.5	[8.361351]	[131]	[]	[]	[42378209]	[]
876_3755	chr17	26882431	26882831	+	1000	68.5	[7.5891633]	[216]	[]	[]	[26882680]	[]
876_3757	chr2	70627474	70627874	+	1000	68.5	[12.570299, 8.264141]	[128, 156]	[]	[]	[70627676, 70627704]	[]
876_3760	chr21	29290289	29290689	+	1000	68.5	[7.7748694]	[108]	[]	[]	[29290463]	[]
876_3770	chr4	41921472	41921872	+	1000	68.5	[]	[]	[12.570299]	[108]	[]	[41921676]
876_3771	chr4	49101295	49101695	+	1000	68.5	[]	[]	[9.53014]	[71]	[]	[49101457]
876_3774	chr5	151080945	151081345	+	1000	68.5	[12.570299]	[113]	[]	[]	[151081157]	[]
876_3776	chr6	15905832	15906232	+	1000	68.5	[9.53014]	[142]	[]	[]	[15906033]	[]
876_3779	chr8	79865732	79866132	+	1000	68.5	[9.53014, 9.252844]	[92, 162]	[]	[]	[79865904, 79865974]	[]
876_3780	chr8	101967625	101968025	+	1000	68.5	[]	[]	[8.361351]	[103]	[]	[101967818]
876_3783	chr9	130946814	130947214	+	1000	68.5	[9.252844, 9.252844]	[71, 96]	[8.84223]	[155]	[130946972, 130946997]	[130947056]
876_3785	chr1	5982829	5983229	+	1000	68.0	[]	[]	[8.84223, 9.252844]	[93, 137]	[]	[5983006, 5983050]
876_3788	chr1	65066619	65067019	+	1000	68.0	[12.570299]	[91]	[10.2047415]	[110]	[65066809]	[65066828]
876_379	chr8	81573662	81574062	+	1000	230.0	[12.570299]	[123]	[7.553737]	[113]	[81573877]	[81573867]
876_3796	chr1	243447333	243447733	+	1000	68.0	[]	[]	[12.570299]	[112]	[]	[243447545]
876_3797	chr10	17780724	17781124	+	1000	68.0	[]	[]	[12.570299]	[136]	[]	[17780946]
876_3798	chr10	17794159	17794559	+	1000	68.0	[8.264141]	[104]	[]	[]	[17794345]	[]
876_3802	chr12	9685409	9685809	+	1000	68.0	[]	[]	[12.570299]	[156]	[]	[9685643]
876_3806	chr13	27138483	27138883	+	1000	68.0	[]	[]	[12.570299]	[127]	[]	[27138700]
876_3807	chr14	64873836	64874236	+	1000	68.0	[8.361351]	[94]	[]	[]	[64874028]	[]
876_3808	chr15	81798211	81798611	+	1000	68.0	[12.570299]	[88]	[]	[]	[81798399]	[]
876_3809	chr17	57459382	57459782	+	1000	68.0	[]	[]	[9.53014]	[111]	[]	[57459587]
876_3810	chr17	73288898	73289298	+	1000	68.0	[8.182752, 10.2047415]	[98, 164]	[]	[]	[73289071, 73289137]	[]
876_3811	chr19	30908071	30908471	+	1000	68.0	[8.361351, 10.2047415]	[84, 142]	[8.84223]	[71]	[30908251, 30908309]	[30908238]
876_3813	chr2	16748852	16749252	+	1000	68.0	[]	[]	[8.361351]	[108]	[]	[16749053]
876_3814	chr2	64646248	64646648	+	1000	68.0	[12.570299]	[101]	[]	[]	[64646447]	[]
876_3815	chr2	65890125	65890525	+	1000	68.0	[12.570299]	[105]	[]	[]	[65890320]	[]
876_3816	chr2	85584929	85585329	+	1000	68.0	[]	[]	[12.570299]	[101]	[]	[85585125]
876_3817	chr2	106190037	106190437	+	1000	68.0	[12.570299]	[122]	[]	[]	[106190253]	[]
876_382	chr15	40830855	40831255	+	1000	228.0	[]	[]	[8.361351]	[107]	[]	[40831059]
876_3820	chr2	183195828	183196228	+	1000	68.0	[8.361351]	[112]	[]	[]	[183196032]	[]
876_3821	chr2	230330817	230331217	+	1000	68.0	[7.5891633]	[77]	[]	[]	[230330974]	[]
876_3824	chr3	138082567	138082967	+	1000	68.0	[]	[]	[12.570299]	[108]	[]	[138082759]
876_3825	chr4	41909109	41909509	+	1000	68.0	[]	[]	[12.570299]	[111]	[]	[41909297]
876_3829	chr5	172150383	172150783	+	1000	68.0	[9.252844]	[93]	[8.009179]	[131]	[172150569]	[172150607]
876_3831	chr6	44118960	44119360	+	1000	68.0	[12.570299]	[112]	[]	[]	[44119161]	[]
876_3837	chr7	154647624	154648024	+	1000	68.0	[]	[]	[8.361351, 12.570299]	[142, 172]	[]	[154647829, 154647859]
876_3838	chr8	21919271	21919671	+	1000	68.0	[12.570299]	[95]	[]	[]	[21919455]	[]
876_3839	chr8	33421938	33422338	+	1000	68.0	[]	[]	[10.2047415]	[86]	[]	[33422119]
876_3840	chr8	130672070	130672470	+	1000	68.0	[8.84223]	[105]	[]	[]	[130672259]	[]
876_3842	chr9	122531137	122531537	+	1000	68.0	[8.264141, 12.570299]	[165, 178]	[]	[]	[122531364, 122531377]	[]
876_3843	chr9	130802522	130802922	+	1000	68.0	[]	[]	[12.570299]	[165]	[]	[130802772]
876_3844	chr9	130994326	130994726	+	1000	68.0	[12.570299]	[109]	[]	[]	[130994518]	[]
876_3848	chr1	46333531	46333931	+	1000	67.5	[]	[]	[10.2047415]	[137]	[]	[46333750]
876_3849	chr1	234953583	234953983	+	1000	67.5	[]	[]	[8.361351]	[119]	[]	[234953782]
876_385	chr9	76456137	76456537	+	1000	228.0	[]	[]	[10.2047415]	[109]	[]	[76456339]
876_3855	chr12	19273956	19274356	+	1000	67.5	[8.361351]	[82]	[]	[]	[19274125]	[]
876_3856	chr12	70242568	70242968	+	1000	67.5	[12.570299]	[136]	[]	[]	[70242787]	[]
876_3857	chr12	71268667	71269067	+	1000	67.5	[7.7748694]	[128]	[]	[]	[71268874]	[]
876_3858	chr12	91888009	91888409	+	1000	67.5	[12.570299]	[58]	[]	[]	[91888167]	[]
876_3859	chr12	121888186	121888586	+	1000	67.5	[]	[]	[9.252844]	[98]	[]	[121888380]
876_3860	chr12	126908314	126908714	+	1000	67.5	[]	[]	[7.7748694]	[79]	[]	[126908480]
876_3864	chr16	30573285	30573685	+	1000	67.5	[10.2047415]	[96]	[]	[]	[30573460]	[]
876_3866	chr16	56355924	56356324	+	1000	67.5	[]	[]	[8.361351]	[136]	[]	[56356124]
876_3868	chr2	43210529	43210929	+	1000	67.5	[]	[]	[12.570299]	[69]	[]	[43210687]
876_3869	chr2	46481661	46482061	+	1000	67.5	[10.2047415]	[155]	[]	[]	[46481876]	[]
876_387	chr17	64084527	64084927	+	1000	227.5	[]	[]	[12.570299]	[97]	[]	[64084715]
876_3870	chr2	134132382	134132782	+	1000	67.5	[10.2047415]	[76]	[9.53014]	[124]	[134132534]	[134132582]
876_3871	chr2	161172833	161173233	+	1000	67.5	[8.361351]	[111]	[]	[]	[161173029]	[]
876_3878	chr3	156606713	156607113	+	1000	67.5	[]	[]	[10.2047415]	[74]	[]	[156606885]
876_3880	chr4	70746432	70746832	+	1000	67.5	[]	[]	[7.578352, 12.570299]	[92, 110]	[]	[70746601, 70746619]
876_3884	chr5	134466308	134466708	+	1000	67.5	[12.570299]	[113]	[]	[]	[134466514]	[]
876_3885	chr5	149150429	149150829	+	1000	67.5	[8.361351]	[147]	[]	[]	[149150648]	[]
876_3887	chr6	13863848	13864248	+	1000	67.5	[]	[]	[8.361351]	[108]	[]	[13864033]
876_3890	chr6	112919724	112920124	+	1000	67.5	[]	[]	[12.570299]	[105]	[]	[112919922]
876_3895	chr7	124099554	124099954	+	1000	67.5	[]	[]	[12.570299]	[89]	[]	[124099736]
876_3896	chr9	100527463	100527863	+	1000	67.5	[12.570299]	[145]	[]	[]	[100527696]	[]
876_3897	chrX	68180671	68181071	+	987	67.5	[12.570299]	[101]	[]	[]	[68180869]	[]
876_3898	chr1	40845403	40845803	+	1000	67.0	[9.252844]	[141]	[]	[]	[40845635]	[]
876_3900	chr10	77587113	77587513	+	1000	67.0	[12.570299]	[131]	[]	[]	[77587320]	[]
876_3901	chr11	12859950	12860350	+	1000	67.0	[]	[]	[9.252844]	[79]	[]	[12860120]
876_3903	chr11	86176018	86176418	+	1000	67.0	[]	[]	[8.84223]	[80]	[]	[86176187]
876_3904	chr13	91203406	91203806	+	1000	67.0	[10.2047415]	[186]	[]	[]	[91203649]	[]
876_3905	chr15	49645798	49646198	+	1000	67.0	[]	[]	[7.7748694]	[150]	[]	[49646024]
876_3906	chr15	56916850	56917250	+	1000	67.0	[]	[]	[12.570299]	[119]	[]	[56917058]
876_3907	chr15	58611955	58612355	+	1000	67.0	[7.677661, 12.570299]	[95, 138]	[]	[]	[58612138, 58612181]	[]
876_3908	chr15	75565451	75565851	+	1000	67.0	[9.53014]	[102]	[8.84223]	[137]	[75565625]	[75565660]
876_391	chr1	233665789	233666189	+	1000	227.0	[7.677661]	[106]	[7.677661]	[105]	[233665967]	[233665966]
876_3910	chr16	70746699	70747099	+	1000	67.0	[8.84223]	[106]	[]	[]	[70746901]	[]
876_3913	chr17	41498201	41498601	+	1000	67.0	[]	[]	[12.570299]	[84]	[]	[41498385]
876_3914	chr19	40285446	40285846	+	1000	67.0	[]	[]	[10.2047415]	[144]	[]	[40285689]
876_3915	chr19	41308518	41308918	+	1000	67.0	[10.2047415]	[123]	[]	[]	[41308732]	[]
876_3917	chr2	47232992	47233392	+	1000	67.0	[7.677661, 10.2047415]	[96, 150]	[7.677661]	[95]	[47233164, 47233218]	[47233163]
876_3918	chr2	96187305	96187705	+	1000	67.0	[8.361351]	[120]	[8.361351]	[92]	[96187517]	[96187489]
876_3919	chr2	108355873	108356273	+	1000	67.0	[]	[]	[8.361351]	[99]	[]	[108356065]
876_392	chr17	69103625	69104025	+	1000	227.0	[]	[]	[10.2047415]	[81]	[]	[69103805]
876_3920	chr2	108725042	108725442	+	1000	67.0	[8.84223]	[123]	[12.570299]	[80]	[108725258]	[108725215]
876_3921	chr2	173188122	173188522	+	1000	67.0	[12.570299]	[130]	[]	[]	[173188352]	[]
876_3923	chr20	23386515	23386915	+	1000	67.0	[]	[]	[12.570299]	[101]	[]	[23386716]
876_3924	chr20	41599613	41600013	+	1000	67.0	[12.570299]	[104]	[]	[]	[41599803]	[]
876_3926	chr3	43566100	43566500	+	1000	67.0	[12.570299]	[92]	[]	[]	[43566291]	[]
876_3932	chr4	141999751	142000151	+	1000	67.0	[]	[]	[12.570299]	[134]	[]	[141999973]
876_3934	chr5	119059754	119060154	+	1000	67.0	[]	[]	[12.570299]	[78]	[]	[119059918]
876_3935	chr5	132790456	132790856	+	1000	67.0	[]	[]	[10.2047415]	[142]	[]	[132790676]
876_3936	chr6	30516037	30516437	+	1000	67.0	[12.570299]	[137]	[]	[]	[30516260]	[]
876_3939	chr6	87165158	87165558	+	1000	67.0	[12.570299]	[135]	[]	[]	[87165387]	[]
876_3940	chr6	89496179	89496579	+	1000	67.0	[12.570299]	[142]	[]	[]	[89496399]	[]
876_3947	chrX	63519390	63519790	+	1000	67.0	[12.570299]	[111]	[]	[]	[63519590]	[]
876_3948	chr1	43853120	43853520	+	1000	66.5	[]	[]	[12.570299]	[100]	[]	[43853313]
876_3949	chr1	44946729	44947129	+	1000	66.5	[9.53014]	[142]	[]	[]	[44946942]	[]
876_395	chr1	223847892	223848292	+	1000	225.5	[8.361351]	[106]	[]	[]	[223848091]	[]
876_3953	chr1	147402647	147403047	+	1000	66.5	[12.570299]	[119]	[]	[]	[147402861]	[]
876_3954	chr1	157274824	157275224	+	1000	66.5	[]	[]	[8.361351]	[157]	[]	[157275039]
876_3956	chr1	196438431	196438831	+	1000	66.5	[8.361351]	[142]	[]	[]	[196438669]	[]
876_3958	chr1	207181791	207182191	+	1000	66.5	[7.553737]	[143]	[10.2047415, 7.5891633]	[100, 118]	[207182020]	[207181977, 207181995]
876_3961	chr11	58739681	58740081	+	1000	66.5	[]	[]	[10.2047415]	[111]	[]	[58739889]
876_3962	chr11	86931464	86931864	+	1000	66.5	[7.677661]	[147]	[7.677661]	[146]	[86931667]	[86931666]
876_3964	chr12	32047913	32048313	+	1000	66.5	[]	[]	[8.009179]	[101]	[]	[32048085]
876_3965	chr12	68365353	68365753	+	1000	66.5	[]	[]	[12.570299]	[132]	[]	[68365571]
876_3968	chr16	65758602	65759002	+	1000	66.5	[9.252844]	[147]	[9.252844]	[144]	[65758830]	[65758827]
876_3973	chr1_KI270713v1_random	29914	30314	+	1000	66.5	[9.252844]	[186]	[]	[]	[30113]	[]
876_3975	chr2	190494850	190495250	+	1000	66.5	[8.009179]	[111]	[7.677661]	[154]	[190495041]	[190495084]
876_3977	chr20	53504079	53504479	+	1000	66.5	[12.570299]	[145]	[]	[]	[53504317]	[]
876_3980	chr22	20206290	20206690	+	1000	66.5	[]	[]	[8.009179]	[166]	[]	[20206526]
876_3988	chr5	42986769	42987169	+	1000	66.5	[7.7748694]	[70]	[]	[]	[42986924]	[]
876_3991	chr6	30530030	30530430	+	1000	66.5	[9.53014]	[68]	[]	[]	[30530192]	[]
876_3992	chr6	88985933	88986333	+	1000	66.5	[12.570299, 10.2047415]	[113, 132]	[]	[]	[88986139, 88986158]	[]
876_3994	chr6	149761357	149761757	+	1000	66.5	[]	[]	[10.2047415]	[134]	[]	[149761566]
876_3996	chr7	87059735	87060135	+	1000	66.5	[10.2047415]	[120]	[]	[]	[87059936]	[]
876_3997	chr7	108586188	108586588	+	1000	66.5	[]	[]	[8.009179]	[154]	[]	[108586425]
876_3999	chr8	101079049	101079449	+	1000	66.5	[12.570299]	[105]	[]	[]	[101079251]	[]
876_400	chr5	90740231	90740631	+	1000	224.5	[]	[]	[12.570299]	[101]	[]	[90740426]
876_4000	chr8	102925323	102925723	+	1000	66.5	[]	[]	[12.570299]	[100]	[]	[102925517]
876_4002	chrX	40151698	40152098	+	1000	66.5	[]	[]	[12.570299]	[102]	[]	[40151895]
876_4004	chr1	21058021	21058421	+	1000	66.0	[12.570299]	[110]	[]	[]	[21058220]	[]
876_4005	chr1	40974855	40975255	+	1000	66.0	[]	[]	[7.578352]	[104]	[]	[40975035]
876_4006	chr1	118047024	118047424	+	1000	66.0	[8.361351]	[93]	[]	[]	[118047207]	[]
876_4008	chr10	45594699	45595099	+	1000	66.0	[]	[]	[12.570299]	[76]	[]	[45594869]
876_4009	chr10	58384123	58384523	+	1000	66.0	[10.2047415]	[99]	[]	[]	[58384312]	[]
876_401	chr6	156421968	156422368	+	1000	224.5	[10.2047415, 9.53014]	[117, 121]	[12.570299]	[106]	[156422183, 156422187]	[156422172]
876_4016	chr13	30585610	30586010	+	1000	66.0	[12.570299]	[113]	[]	[]	[30585802]	[]
876_4017	chr13	45943129	45943529	+	1000	66.0	[9.53014]	[78]	[]	[]	[45943300]	[]
876_4018	chr14	29028979	29029379	+	1000	66.0	[]	[]	[12.570299]	[98]	[]	[29029165]
876_4019	chr14	39145379	39145779	+	1000	66.0	[]	[]	[9.252844]	[119]	[]	[39145591]
876_402	chr4	72846414	72846814	+	1000	224.0	[12.570299]	[130]	[]	[]	[72846630]	[]
876_4020	chr15	23714303	23714703	+	1000	66.0	[12.570299]	[177]	[]	[]	[23714538]	[]
876_4021	chr15	56772809	56773209	+	1000	66.0	[12.570299]	[126]	[]	[]	[56773029]	[]
876_4022	chr16	69396521	69396921	+	1000	66.0	[]	[]	[10.2047415, 8.182752]	[103, 152]	[]	[69396700, 69396749]
876_4025	chr19	18000843	18001243	+	1000	66.0	[8.361351]	[127]	[]	[]	[18001061]	[]
876_4027	chr2	177405064	177405464	+	1000	66.0	[]	[]	[12.570299]	[99]	[]	[177405255]
876_4028	chr2	180047232	180047632	+	1000	66.0	[8.009179]	[74]	[12.570299]	[117]	[180047405]	[180047448]
876_4030	chr21	41932436	41932836	+	1000	66.0	[12.570299]	[133]	[]	[]	[41932664]	[]
876_4032	chr22	18056383	18056783	+	1000	66.0	[]	[]	[12.570299]	[120]	[]	[18056597]
876_4035	chr22	38924367	38924767	+	1000	66.0	[10.2047415]	[107]	[]	[]	[38924562]	[]
876_4036	chr3	4251873	4252273	+	1000	66.0	[10.2047415]	[150]	[]	[]	[4252116]	[]
876_4038	chr3	17730328	17730728	+	1000	66.0	[10.2047415]	[109]	[]	[]	[17730499]	[]
876_4039	chr3	27821309	27821709	+	1000	66.0	[]	[]	[12.570299]	[106]	[]	[27821510]
876_4044	chr5	1174386	1174786	+	1000	66.0	[8.361351]	[150]	[]	[]	[1174617]	[]
876_4049	chr6	26198034	26198434	+	1000	66.0	[12.570299]	[63]	[]	[]	[26198193]	[]
876_4052	chr6	135617246	135617646	+	1000	66.0	[]	[]	[9.53014]	[118]	[]	[135617443]
876_4053	chr6	137859006	137859406	+	1000	66.0	[12.570299]	[109]	[]	[]	[137859209]	[]
876_4054	chr7	8177083	8177483	+	1000	66.0	[]	[]	[7.7748694]	[102]	[]	[8177281]
876_4055	chr7	10688529	10688929	+	1000	66.0	[]	[]	[12.570299]	[159]	[]	[10688772]
876_4056	chr7	26404599	26404999	+	1000	66.0	[12.570299]	[82]	[]	[]	[26404761]	[]
876_4058	chr7	102080693	102081093	+	1000	66.0	[9.53014]	[109]	[]	[]	[102080885]	[]
876_4059	chr7	106774659	106775059	+	1000	66.0	[8.182752]	[115]	[]	[]	[106774829]	[]
876_4060	chr7	138886477	138886877	+	1000	66.0	[12.570299]	[100]	[]	[]	[138886674]	[]
876_4061	chr8	20451867	20452267	+	1000	66.0	[10.2047415]	[162]	[]	[]	[20452080]	[]
876_4064	chr8	94009089	94009489	+	1000	66.0	[]	[]	[12.570299]	[105]	[]	[94009294]
876_4065	chr8	102444003	102444403	+	1000	66.0	[]	[]	[12.570299]	[108]	[]	[102444210]
876_4067	chr9	86611408	86611808	+	1000	66.0	[]	[]	[12.570299]	[108]	[]	[86611588]
876_4068	chr9	126985025	126985425	+	1000	66.0	[]	[]	[9.53014]	[113]	[]	[126985231]
876_407	chr16	75827313	75827713	+	1000	222.5	[]	[]	[12.570299]	[105]	[]	[75827514]
876_4071	chr1	21761066	21761466	+	1000	65.5	[10.2047415]	[126]	[]	[]	[21761273]	[]
876_4081	chr11	10735594	10735994	+	1000	65.5	[12.570299]	[104]	[]	[]	[10735794]	[]
876_4082	chr11	12691569	12691969	+	1000	65.5	[7.677661]	[104]	[7.677661]	[103]	[12691758]	[12691757]
876_4083	chr11	90240305	90240705	+	1000	65.5	[12.570299]	[171]	[]	[]	[90240535]	[]
876_4086	chr12	47360661	47361061	+	1000	65.5	[9.252844]	[119]	[]	[]	[47360870]	[]
876_4090	chr13	46281884	46282284	+	1000	65.5	[7.677661, 12.570299]	[123, 163]	[7.677661]	[122]	[46282078, 46282118]	[46282077]
876_4092	chr14	81114409	81114809	+	1000	65.5	[12.570299]	[131]	[]	[]	[81114635]	[]
876_4095	chr17	75525475	75525875	+	1000	65.5	[10.2047415]	[91]	[]	[]	[75525666]	[]
876_4097	chr2	47459036	47459436	+	1000	65.5	[]	[]	[12.570299]	[107]	[]	[47459240]
876_4099	chr2	158214458	158214858	+	1000	65.5	[10.2047415]	[75]	[]	[]	[158214632]	[]
876_4105	chr3	47534015	47534415	+	1000	65.5	[10.2047415]	[93]	[]	[]	[47534198]	[]
876_4109	chr4	184684776	184685176	+	1000	65.5	[]	[]	[7.5891633]	[91]	[]	[184684957]
876_411	chr2	33275633	33276033	+	1000	221.0	[]	[]	[8.361351]	[81]	[]	[33275802]
876_4111	chr6	119335581	119335981	+	1000	65.5	[12.570299]	[80]	[]	[]	[119335758]	[]
876_4116	chr9	5327140	5327540	+	1000	65.5	[12.570299]	[166]	[]	[]	[5327382]	[]
876_4117	chr9	130879522	130879922	+	1000	65.5	[]	[]	[8.009179]	[85]	[]	[130879706]
876_4120	chr1	60490390	60490790	+	1000	65.0	[12.570299]	[124]	[]	[]	[60490600]	[]
876_4121	chr1	61012393	61012793	+	1000	65.0	[12.570299]	[90]	[]	[]	[61012582]	[]
876_4122	chr1	77709722	77710122	+	1000	65.0	[]	[]	[10.2047415]	[96]	[]	[77709918]
876_4126	chr1	185249574	185249974	+	1000	65.0	[]	[]	[8.361351]	[149]	[]	[185249797]
876_413	chrUn_KI270466v1	245	645	+	1000	221.0	[]	[]	[9.252844]	[103]	[]	[438]
876_4133	chr11	60059064	60059464	+	1000	65.0	[12.570299]	[134]	[]	[]	[60059277]	[]
876_4135	chr11	74739839	74740239	+	1000	65.0	[12.570299]	[102]	[]	[]	[74740040]	[]
876_4136	chr11	95175938	95176338	+	1000	65.0	[7.5891633]	[105]	[]	[]	[95176104]	[]
876_4137	chr12	21395284	21395684	+	1000	65.0	[12.570299]	[96]	[]	[]	[21395478]	[]
876_4139	chr12	76665897	76666297	+	1000	65.0	[]	[]	[8.182752]	[126]	[]	[76666112]
876_4140	chr12	121326152	121326552	+	1000	65.0	[]	[]	[12.570299]	[102]	[]	[121326354]
876_4141	chr12	122072591	122072991	+	1000	65.0	[9.252844]	[90]	[]	[]	[122072771]	[]
876_4142	chr14	50342634	50343034	+	1000	65.0	[9.53014]	[163]	[]	[]	[50342878]	[]
876_415	chr20	35744052	35744452	+	1000	220.5	[]	[]	[8.182752]	[113]	[]	[35744252]
876_4150	chr19	13803631	13804031	+	1000	65.0	[]	[]	[12.570299]	[99]	[]	[13803830]
876_4151	chr19	29660873	29661273	+	1000	65.0	[9.53014]	[143]	[]	[]	[29661100]	[]
876_4155	chr20	46279121	46279521	+	1000	65.0	[9.252844]	[120]	[9.252844]	[117]	[46279326]	[46279323]
876_4159	chr3	24094808	24095208	+	1000	65.0	[]	[]	[12.570299]	[114]	[]	[24095017]
876_416	chr5	137833441	137833841	+	1000	220.0	[8.361351]	[98]	[]	[]	[137833636]	[]
876_4160	chr3	151242027	151242427	+	1000	65.0	[12.570299]	[108]	[]	[]	[151242229]	[]
876_4162	chr4	168384738	168385138	+	1000	65.0	[7.764176]	[127]	[7.764176]	[126]	[168384944]	[168384943]
876_4163	chr4	173335036	173335436	+	1000	65.0	[12.570299]	[103]	[]	[]	[173335234]	[]
876_4164	chr5	120426571	120426971	+	1000	65.0	[]	[]	[12.570299]	[105]	[]	[120426763]
876_4165	chr5	135393173	135393573	+	1000	65.0	[]	[]	[10.2047415]	[103]	[]	[135393369]
876_4166	chr5	141799468	141799868	+	1000	65.0	[12.570299]	[92]	[]	[]	[141799645]	[]
876_4167	chr5	148682220	148682620	+	1000	65.0	[]	[]	[12.570299]	[56]	[]	[148682373]
876_4169	chr6	2990735	2991135	+	1000	65.0	[]	[]	[12.570299]	[138]	[]	[2990971]
876_417	chr15	44683254	44683654	+	1000	219.5	[12.570299]	[103]	[]	[]	[44683457]	[]
876_4173	chr6	109384141	109384541	+	1000	65.0	[9.53014]	[109]	[8.84223, 8.84223]	[136, 159]	[109384334]	[109384361, 109384384]
876_4174	chr6	139687093	139687493	+	1000	65.0	[]	[]	[8.84223]	[169]	[]	[139687320]
876_4175	chr6	146985114	146985514	+	1000	65.0	[12.570299]	[150]	[]	[]	[146985351]	[]
876_4180	chr7	149690762	149691162	+	1000	65.0	[9.53014]	[85]	[]	[]	[149690922]	[]
876_4181	chr8	33561810	33562210	+	1000	65.0	[]	[]	[12.570299]	[135]	[]	[33562026]
876_4182	chr8	98761945	98762345	+	1000	65.0	[]	[]	[9.252844]	[117]	[]	[98762162]
876_4186	chr1	88678411	88678811	+	1000	64.5	[8.84223]	[124]	[]	[]	[88678629]	[]
876_4189	chr1	246350740	246351140	+	1000	64.5	[12.570299]	[160]	[8.361351]	[80]	[246350986]	[246350906]
876_4193	chr13	45682598	45682998	+	1000	64.5	[12.570299]	[127]	[]	[]	[45682816]	[]
876_4195	chr14	65019923	65020323	+	1000	64.5	[]	[]	[8.182752]	[136]	[]	[65020130]
876_4199	chr16	15576954	15577354	+	1000	64.5	[9.252844]	[86]	[]	[]	[15577126]	[]
876_42	chr5	133049588	133049988	+	1000	654.5	[9.53014]	[127]	[]	[]	[133049815]	[]
876_420	chr1	75678016	75678416	+	1000	219.0	[12.570299]	[109]	[]	[]	[75678217]	[]
876_4200	chr17	33905487	33905887	+	1000	64.5	[12.570299]	[98]	[]	[]	[33905661]	[]
876_4201	chr18	1304418	1304818	+	1000	64.5	[9.252844]	[95]	[9.252844]	[92]	[1304598]	[1304595]
876_4203	chr19	46202858	46203258	+	1000	64.5	[]	[]	[9.53014]	[102]	[]	[46203034]
876_4206	chr20	1467611	1468011	+	1000	64.5	[12.570299]	[65]	[]	[]	[1467776]	[]
876_4208	chr21	41895168	41895568	+	1000	64.5	[8.361351]	[165]	[]	[]	[41895411]	[]
876_421	chr10	69446575	69446975	+	1000	218.5	[]	[]	[12.570299]	[94]	[]	[69446740]
876_4215	chr3	44231988	44232388	+	1000	64.5	[]	[]	[10.2047415]	[109]	[]	[44232186]
876_4217	chr3	139923455	139923855	+	1000	64.5	[8.009179]	[111]	[]	[]	[139923662]	[]
876_4219	chr3	178271597	178271997	+	1000	64.5	[]	[]	[9.53014, 7.5891633]	[144, 166]	[]	[178271824, 178271846]
876_422	chr11	62369044	62369444	+	1000	218.5	[8.361351]	[163]	[]	[]	[62369287]	[]
876_4221	chr4	70779130	70779530	+	1000	64.5	[]	[]	[12.570299]	[106]	[]	[70779327]
876_4226	chr6	13660812	13661212	+	1000	64.5	[12.570299]	[119]	[]	[]	[13661020]	[]
876_4227	chr6	25865957	25866357	+	1000	64.5	[9.53014]	[173]	[7.5891633]	[129]	[25866202]	[25866158]
876_4228	chr6	52482877	52483277	+	1000	64.5	[]	[]	[8.84223]	[171]	[]	[52483120]
876_423	chr5	131312286	131312686	+	1000	218.5	[]	[]	[12.570299]	[106]	[]	[131312492]
876_4232	chr7	67129115	67129515	+	1000	64.5	[]	[]	[7.677661]	[123]	[]	[67129312]
876_4235	chr7	105024791	105025191	+	1000	64.5	[]	[]	[9.252844]	[148]	[]	[105025024]
876_4238	chr8	89535492	89535892	+	1000	64.5	[12.570299]	[120]	[]	[]	[89535699]	[]
876_4239	chr8	94528677	94529077	+	1000	64.5	[8.84223, 12.570299]	[97, 116]	[]	[]	[94528864, 94528883]	[]
876_424	chrX	542223	542623	+	1000	218.0	[]	[]	[8.361351, 8.361351]	[90, 136]	[]	[542405, 542451]
876_4242	chr9	130851055	130851455	+	1000	64.5	[10.2047415]	[84]	[]	[]	[130851231]	[]
876_4243	chr9	131065012	131065412	+	1000	64.5	[]	[]	[12.570299]	[99]	[]	[131065176]
876_4245	chrX	134827396	134827796	+	1000	64.5	[8.84223]	[82]	[8.84223]	[79]	[134827562]	[134827559]
876_4246	chr1	15248930	15249330	+	1000	64.0	[12.570299, 8.009179]	[125, 137]	[]	[]	[15249119, 15249131]	[]
876_4250	chr1	46347412	46347812	+	1000	64.0	[]	[]	[12.570299]	[150]	[]	[46347646]
876_4254	chr1	154179096	154179496	+	1000	64.0	[12.570299]	[87]	[]	[]	[154179280]	[]
876_4255	chr1	164712173	164712573	+	1000	64.0	[]	[]	[9.53014]	[119]	[]	[164712361]
876_4256	chr1	179052867	179053267	+	1000	64.0	[]	[]	[9.252844, 7.764176]	[112, 125]	[]	[179053053, 179053066]
876_4259	chr1	211222744	211223144	+	1000	64.0	[8.361351]	[90]	[]	[]	[211222931]	[]
876_4260	chr1	221667538	221667938	+	1000	64.0	[]	[]	[12.570299]	[132]	[]	[221667769]
876_4264	chr11	20479603	20480003	+	1000	64.0	[]	[]	[12.570299, 8.361351]	[101, 158]	[]	[20479796, 20479853]
876_4266	chr12	91516284	91516684	+	1000	64.0	[]	[]	[12.570299]	[115]	[]	[91516489]
876_427	chr10	69314992	69315392	+	1000	216.5	[12.570299]	[128]	[]	[]	[69315217]	[]
876_4273	chr17	7374367	7374767	+	1000	64.0	[8.182752]	[101]	[]	[]	[7374559]	[]
876_4276	chr18	3604807	3605207	+	1000	64.0	[]	[]	[9.252844]	[158]	[]	[3605031]
876_4277	chr18	55735125	55735525	+	1000	64.0	[12.570299]	[98]	[]	[]	[55735323]	[]
876_4279	chr2	24353898	24354298	+	1000	64.0	[]	[]	[10.2047415, 7.578352]	[104, 152]	[]	[24354092, 24354140]
876_4280	chr2	168420119	168420519	+	1000	64.0	[12.570299]	[138]	[]	[]	[168420346]	[]
876_4282	chr2	188123787	188124187	+	1000	64.0	[12.570299]	[89]	[]	[]	[188123975]	[]
876_4285	chr21	36883829	36884229	+	1000	64.0	[8.361351]	[91]	[]	[]	[36884011]	[]
876_4286	chr21	46692270	46692670	+	1000	64.0	[7.676677]	[53]	[]	[]	[46692423]	[]
876_429	chr1	25890277	25890677	+	1000	216.0	[8.84223]	[94]	[12.570299, 8.361351]	[105, 115]	[25890469]	[25890480, 25890490]
876_4293	chr3	138823694	138824094	+	1000	64.0	[]	[]	[8.361351]	[102]	[]	[138823890]
876_4295	chr3	164459728	164460128	+	1000	64.0	[8.264141]	[90]	[]	[]	[164459918]	[]
876_4297	chr3	186909155	186909555	+	1000	64.0	[]	[]	[12.570299]	[73]	[]	[186909325]
876_4298	chr3	196278434	196278834	+	1000	64.0	[]	[]	[8.182752]	[126]	[]	[196278647]
876_430	chr7	103038077	103038477	+	1000	215.5	[12.570299]	[120]	[]	[]	[103038291]	[]
876_4300	chr5	171477040	171477440	+	1000	64.0	[10.2047415]	[111]	[7.676677]	[123]	[171477248]	[171477260]
876_4301	chr6	4334075	4334475	+	1000	64.0	[]	[]	[12.570299]	[120]	[]	[4334286]
876_4302	chr6	105716351	105716751	+	1000	64.0	[12.570299]	[175]	[]	[]	[105716593]	[]
876_4303	chr6	137552122	137552522	+	1000	64.0	[8.009179]	[151]	[]	[]	[137552372]	[]
876_4304	chr6	137839082	137839482	+	1000	64.0	[]	[]	[8.009179]	[123]	[]	[137839295]
876_4305	chr7	13765911	13766311	+	1000	64.0	[12.570299]	[101]	[]	[]	[13766112]	[]
876_4307	chr7	111223734	111224134	+	1000	64.0	[8.361351]	[80]	[]	[]	[111223893]	[]
876_4309	chr9	35771468	35771868	+	1000	64.0	[9.252844]	[134]	[]	[]	[35771680]	[]
876_4313	chrX	11368050	11368450	+	1000	64.0	[]	[]	[12.570299, 9.53014]	[100, 123]	[]	[11368242, 11368265]
876_4315	chrX	138996350	138996750	+	1000	64.0	[12.570299]	[123]	[]	[]	[138996554]	[]
876_4320	chr1	116432866	116433266	+	1000	63.5	[12.570299]	[97]	[]	[]	[116433062]	[]
876_4324	chr1	184753501	184753901	+	1000	63.5	[]	[]	[9.53014, 10.2047415]	[184, 188]	[]	[184753734, 184753738]
876_4325	chr1	207519700	207520100	+	1000	63.5	[]	[]	[12.570299]	[131]	[]	[207519925]
876_4329	chr10	43436948	43437348	+	1000	63.5	[8.361351]	[101]	[]	[]	[43437144]	[]
876_433	chr7	25744104	25744504	+	1000	214.5	[12.570299]	[97]	[]	[]	[25744300]	[]
876_4330	chr10	50582713	50583113	+	1000	63.5	[]	[]	[8.361351]	[117]	[]	[50582901]
876_4332	chr10	80727904	80728304	+	1000	63.5	[]	[]	[12.570299]	[95]	[]	[80728074]
876_4333	chr10	119409880	119410280	+	1000	63.5	[12.570299]	[85]	[]	[]	[119410064]	[]
876_4336	chr12	71671824	71672224	+	1000	63.5	[]	[]	[9.53014]	[107]	[]	[71672009]
876_4337	chr12	104668349	104668749	+	1000	63.5	[]	[]	[9.53014]	[102]	[]	[104668540]
876_4339	chr13	107910494	107910894	+	1000	63.5	[]	[]	[10.2047415]	[157]	[]	[107910698]
876_434	chr7	96303097	96303497	+	1000	214.5	[10.2047415]	[89]	[]	[]	[96303279]	[]
876_4341	chr15	65252593	65252993	+	1000	63.5	[8.361351]	[110]	[]	[]	[65252793]	[]
876_4343	chr15	95247004	95247404	+	1000	63.5	[]	[]	[12.570299]	[158]	[]	[95247240]
876_4344	chr16	2799825	2800225	+	1000	63.5	[8.361351]	[125]	[]	[]	[2800044]	[]
876_4351	chr19	46568385	46568785	+	1000	63.5	[12.570299]	[91]	[]	[]	[46568575]	[]
876_4353	chr2	201126331	201126731	+	1000	63.5	[7.7748694]	[166]	[]	[]	[201126572]	[]
876_4363	chr4	10326053	10326453	+	1000	63.5	[7.764176]	[167]	[]	[]	[10326285]	[]
876_4365	chr5	53552485	53552885	+	1000	63.5	[]	[]	[12.570299]	[115]	[]	[53552684]
876_4366	chr5	57356852	57357252	+	1000	63.5	[]	[]	[12.570299]	[103]	[]	[57357052]
876_4367	chr5	82107240	82107640	+	1000	63.5	[]	[]	[12.570299]	[91]	[]	[82107421]
876_4368	chr5	132120701	132121101	+	1000	63.5	[]	[]	[12.570299]	[115]	[]	[132120905]
876_437	chr3	66905124	66905524	+	1000	214.0	[8.361351]	[98]	[7.676677, 7.5891633]	[78, 87]	[66905320]	[66905300, 66905309]
876_4370	chr5	176996206	176996606	+	1000	63.5	[9.53014]	[129]	[7.5891633, 7.578352]	[68, 153]	[176996423]	[176996362, 176996447]
876_4375	chr6	116501101	116501501	+	1000	63.5	[12.570299]	[145]	[]	[]	[116501344]	[]
876_4378	chr7	106871641	106872041	+	1000	63.5	[8.182752]	[117]	[]	[]	[106871858]	[]
876_438	chr1	14817134	14817534	+	1000	213.5	[10.2047415]	[114]	[]	[]	[14817336]	[]
876_4383	chr8	21825994	21826394	+	1000	63.5	[12.570299]	[95]	[]	[]	[21826185]	[]
876_4384	chr8	27947892	27948292	+	1000	63.5	[12.570299]	[107]	[]	[]	[27948071]	[]
876_4385	chr8	28072753	28073153	+	1000	63.5	[]	[]	[8.361351]	[163]	[]	[28072991]
876_4386	chr8	115370640	115371040	+	1000	63.5	[12.570299]	[85]	[]	[]	[115370819]	[]
876_4388	chr9	98240332	98240732	+	1000	63.5	[]	[]	[10.2047415]	[72]	[]	[98240486]
876_4389	chr9	108953932	108954332	+	1000	63.5	[10.2047415, 7.578352]	[105, 127]	[]	[]	[108954133, 108954155]	[]
876_4390	chr9	130767988	130768388	+	1000	63.5	[]	[]	[9.252844]	[73]	[]	[130768159]
876_4391	chr1	12398511	12398911	+	1000	63.0	[10.2047415]	[91]	[]	[]	[12398699]	[]
876_4393	chr1	204398457	204398857	+	1000	63.0	[]	[]	[12.570299]	[99]	[]	[204398632]
876_4395	chr10	15000959	15001359	+	1000	63.0	[]	[]	[8.361351]	[83]	[]	[15001134]
876_44	chr17	26619857	26620257	+	1000	628.5	[8.182752]	[58]	[]	[]	[26620013]	[]
876_440	chr6	91052490	91052890	+	1000	213.5	[]	[]	[12.570299]	[108]	[]	[91052695]
876_4400	chr14	101266445	101266845	+	1000	63.0	[12.570299]	[151]	[]	[]	[101266666]	[]
876_4401	chr15	26628057	26628457	+	1000	63.0	[]	[]	[10.2047415, 9.53014]	[148, 171]	[]	[26628284, 26628307]
876_4402	chr15	73504889	73505289	+	1000	63.0	[]	[]	[9.53014]	[109]	[]	[73505081]
876_4403	chr16	81633721	81634121	+	1000	63.0	[]	[]	[8.361351]	[95]	[]	[81633912]
876_4404	chr17	29744673	29745073	+	1000	63.0	[9.53014]	[172]	[8.84223]	[165]	[29744907]	[29744900]
876_4406	chr17	50720393	50720793	+	1000	63.0	[]	[]	[12.570299]	[164]	[]	[50720630]
876_4407	chr17	58247751	58248151	+	1000	63.0	[9.53014]	[114]	[]	[]	[58247955]	[]
876_4409	chr19	46195232	46195632	+	1000	63.0	[7.7748694]	[146]	[]	[]	[46195419]	[]
876_4410	chr19	48872924	48873324	+	1000	63.0	[]	[]	[10.2047415]	[96]	[]	[48873117]
876_4411	chr2	30432397	30432797	+	1000	63.0	[10.2047415]	[97]	[12.570299]	[151]	[30432574]	[30432628]
876_4417	chr20	37380237	37380637	+	1000	63.0	[]	[]	[10.2047415]	[100]	[]	[37380433]
876_4424	chr3	120377957	120378357	+	1000	63.0	[]	[]	[12.570299]	[115]	[]	[120378168]
876_4425	chr3	120719468	120719868	+	1000	63.0	[12.570299]	[126]	[]	[]	[120719684]	[]
876_443	chr17	58679330	58679730	+	1000	213.0	[9.53014]	[82]	[]	[]	[58679511]	[]
876_4431	chr5	112586516	112586916	+	1000	63.0	[12.570299]	[92]	[]	[]	[112586704]	[]
876_4433	chr5	141356168	141356568	+	1000	63.0	[]	[]	[8.361351]	[151]	[]	[141356411]
876_4435	chr6	26303608	26304008	+	1000	63.0	[]	[]	[8.009179]	[70]	[]	[26303769]
876_444	chr19	34920139	34920539	+	1000	213.0	[8.84223]	[151]	[8.361351]	[103]	[34920389]	[34920341]
876_4440	chr6	109679115	109679515	+	1000	63.0	[12.570299]	[110]	[]	[]	[109679323]	[]
876_4442	chr6	143098055	143098455	+	1000	63.0	[7.578352, 8.361351]	[97, 108]	[7.7748694]	[136]	[143098245, 143098256]	[143098284]
876_4443	chr6	146892577	146892977	+	1000	63.0	[]	[]	[9.53014]	[108]	[]	[146892778]
876_4445	chr7	149041365	149041765	+	1000	63.0	[]	[]	[10.2047415]	[132]	[]	[149041588]
876_4447	chr8	101451155	101451555	+	1000	63.0	[12.570299]	[125]	[]	[]	[101451375]	[]
876_445	chr2	47984069	47984469	+	1000	213.0	[12.570299]	[122]	[]	[]	[47984281]	[]
876_4453	chr1	32391076	32391476	+	1000	62.5	[8.009179]	[108]	[]	[]	[32391270]	[]
876_446	chr3	43584096	43584496	+	1000	213.0	[12.570299]	[93]	[]	[]	[43584289]	[]
876_4461	chr10	75206073	75206473	+	1000	62.5	[]	[]	[12.570299]	[127]	[]	[75206292]
876_4463	chr11	27372176	27372576	+	1000	62.5	[]	[]	[8.84223]	[55]	[]	[27372328]
876_4465	chr11	96335335	96335735	+	1000	62.5	[10.2047415]	[132]	[]	[]	[96335555]	[]
876_4466	chr12	56010043	56010443	+	1000	62.5	[]	[]	[8.361351]	[59]	[]	[56010194]
876_447	chr5	65835206	65835606	+	1000	213.0	[]	[]	[12.570299, 9.53014]	[98, 158]	[]	[65835384, 65835444]
876_4471	chr14	55803035	55803435	+	1000	62.5	[]	[]	[10.2047415]	[110]	[]	[55803223]
876_4473	chr15	51672135	51672535	+	1000	62.5	[8.361351]	[134]	[]	[]	[51672360]	[]
876_4477	chr16	71826743	71827143	+	1000	62.5	[12.570299]	[124]	[]	[]	[71826962]	[]
876_4482	chr18	21755022	21755422	+	1000	62.5	[12.570299]	[142]	[]	[]	[21755242]	[]
876_4485	chr2	72300112	72300512	+	1000	62.5	[]	[]	[12.570299]	[103]	[]	[72300311]
876_4486	chr20	1233651	1234051	+	1000	62.5	[8.361351]	[103]	[]	[]	[1233845]	[]
876_4490	chr22	17917691	17918091	+	1000	62.5	[]	[]	[9.252844]	[81]	[]	[17917867]
876_4494	chr22	21858493	21858893	+	1000	62.5	[12.570299]	[135]	[8.84223]	[207]	[21858650]	[21858722]
876_4495	chr22	22156691	22157091	+	1000	62.5	[]	[]	[10.2047415]	[82]	[]	[22156847]
876_4498	chr3	36912493	36912893	+	1000	62.5	[7.677661]	[158]	[7.677661]	[151]	[36912711]	[36912704]
876_4499	chr3	37974703	37975103	+	1000	62.5	[]	[]	[12.570299]	[95]	[]	[37974892]
876_45	chr10	61342800	61343200	+	1000	626.0	[12.570299]	[127]	[]	[]	[61343026]	[]
876_4501	chr3	130832061	130832461	+	1000	62.5	[12.570299]	[130]	[]	[]	[130832289]	[]
876_4502	chr3	155124769	155125169	+	1000	62.5	[]	[]	[12.570299]	[103]	[]	[155124971]
876_4504	chr5	62261543	62261943	+	1000	62.5	[8.84223]	[148]	[]	[]	[62261767]	[]
876_4506	chr5	109703199	109703599	+	1000	62.5	[7.764176]	[148]	[9.252844, 7.764176, 8.182752]	[70, 147, 164]	[109703428]	[109703350, 109703427, 109703444]
876_4509	chr6	6696804	6697204	+	1000	62.5	[10.2047415]	[90]	[]	[]	[6696991]	[]
876_4511	chr6	28965704	28966104	+	1000	62.5	[8.009179]	[127]	[12.570299]	[170]	[28965907]	[28965950]
876_4514	chr6	149869251	149869651	+	1000	62.5	[]	[]	[10.2047415]	[94]	[]	[149869443]
876_4515	chr6	163888011	163888411	+	1000	62.5	[12.570299]	[78]	[]	[]	[163888182]	[]
876_4520	chr8	10576255	10576655	+	1000	62.5	[]	[]	[12.570299, 7.553737]	[101, 114]	[]	[10576443, 10576456]
876_4521	chr8	74402058	74402458	+	1000	62.5	[]	[]	[12.570299]	[96]	[]	[74402231]
876_4523	chr8	107116546	107116946	+	1000	62.5	[]	[]	[8.182752]	[143]	[]	[107116715]
876_4524	chr8	126369024	126369424	+	1000	62.5	[12.570299]	[92]	[]	[]	[126369215]	[]
876_4525	chr8	128475651	128476051	+	1000	62.5	[7.676677]	[117]	[]	[]	[128475833]	[]
876_4526	chr9	110089685	110090085	+	1000	62.5	[]	[]	[12.570299]	[106]	[]	[110089879]
876_4529	chr9	130836978	130837378	+	1000	62.5	[]	[]	[9.53014]	[131]	[]	[130837182]
876_4537	chr1	33433698	33434098	+	1000	62.0	[8.182752]	[141]	[8.361351]	[118]	[33433913]	[33433890]
876_4541	chr1	161428036	161428436	+	1000	62.0	[12.570299]	[62]	[]	[]	[161428197]	[]
876_4542	chr1	209826024	209826424	+	1000	62.0	[]	[]	[8.361351]	[141]	[]	[209826236]
876_4545	chr11	3891748	3892148	+	1000	62.0	[]	[]	[12.570299]	[103]	[]	[3891945]
876_4546	chr11	67312606	67313006	+	1000	62.0	[10.2047415]	[144]	[]	[]	[67312824]	[]
876_4547	chr11	78370699	78371099	+	1000	62.0	[]	[]	[12.570299]	[105]	[]	[78370873]
876_4548	chr11	128507064	128507464	+	1000	62.0	[10.2047415]	[79]	[]	[]	[128507242]	[]
876_455	chr12	30763125	30763525	+	1000	212.0	[10.2047415]	[98]	[7.553737, 10.2047415]	[106, 115]	[30763314]	[30763322, 30763331]
876_4552	chr15	96053731	96054131	+	1000	62.0	[]	[]	[8.361351, 12.570299]	[65, 98]	[]	[96053892, 96053925]
876_4553	chr16	21222377	21222777	+	1000	62.0	[8.361351]	[115]	[8.84223]	[67]	[21222585]	[21222537]
876_4556	chr17	55577332	55577732	+	1000	62.0	[12.570299]	[152]	[]	[]	[55577547]	[]
876_4559	chr19	39842355	39842755	+	1000	62.0	[]	[]	[12.570299]	[96]	[]	[39842548]
876_4564	chr2	151782837	151783237	+	1000	62.0	[12.570299]	[82]	[]	[]	[151783016]	[]
876_4566	chr2	230012543	230012943	+	1000	62.0	[8.361351]	[113]	[]	[]	[230012747]	[]
876_4569	chr3	170486381	170486781	+	1000	62.0	[10.2047415, 7.5891633]	[97, 143]	[]	[]	[170486570, 170486616]	[]
876_4571	chr5	95583975	95584375	+	1000	62.0	[]	[]	[8.361351]	[90]	[]	[95584138]
876_4572	chr5	176217776	176218176	+	1000	62.0	[12.570299]	[161]	[]	[]	[176218014]	[]
876_4574	chr6	52352413	52352813	+	1000	62.0	[]	[]	[12.570299]	[93]	[]	[52352603]
876_4575	chr6	82257387	82257787	+	1000	62.0	[]	[]	[10.2047415]	[87]	[]	[82257570]
876_4576	chr6	119510293	119510693	+	1000	62.0	[8.361351]	[136]	[]	[]	[119510521]	[]
876_458	chr11	62841346	62841746	+	1000	211.5	[8.84223]	[149]	[]	[]	[62841591]	[]
876_4581	chr7	150739007	150739407	+	1000	62.0	[9.252844]	[107]	[8.361351]	[128]	[150739214]	[150739235]
876_4582	chr7	157007402	157007802	+	1000	62.0	[]	[]	[10.2047415]	[161]	[]	[157007625]
876_4583	chr8	27440417	27440817	+	1000	62.0	[8.361351]	[139]	[]	[]	[27440643]	[]
876_4586	chr8	144292309	144292709	+	1000	62.0	[]	[]	[12.570299]	[104]	[]	[144292500]
876_4590	chr1	15601487	15601887	+	1000	61.5	[8.361351]	[119]	[]	[]	[15601700]	[]
876_4591	chr1	52328581	52328981	+	1000	61.5	[]	[]	[10.2047415]	[115]	[]	[52328791]
876_4592	chr1	117358059	117358459	+	1000	61.5	[]	[]	[12.570299]	[96]	[]	[117358251]
876_4594	chr1	160630820	160631220	+	1000	61.5	[]	[]	[12.570299]	[129]	[]	[160631036]
876_4596	chr10	75022166	75022566	+	1000	61.5	[]	[]	[9.252844, 12.570299]	[105, 162]	[]	[75022345, 75022402]
876_4599	chr11	17716832	17717232	+	1000	61.5	[10.2047415]	[103]	[]	[]	[17717026]	[]
876_460	chr19	42480764	42481164	+	1000	211.5	[]	[]	[8.361351, 8.361351]	[72, 123]	[]	[42480924, 42480975]
876_4600	chr12	60144322	60144722	+	1000	61.5	[]	[]	[10.2047415, 7.764176]	[106, 123]	[]	[60144528, 60144545]
876_4601	chr12	76621545	76621945	+	1000	61.5	[7.7748694]	[120]	[12.570299]	[183]	[76621714]	[76621777]
876_4603	chr12	122471403	122471803	+	1000	61.5	[12.570299]	[101]	[]	[]	[122471594]	[]
876_4606	chr15	44912924	44913324	+	1000	61.5	[12.570299]	[137]	[]	[]	[44913149]	[]
876_4607	chr16	74988871	74989271	+	1000	61.5	[]	[]	[9.252844]	[95]	[]	[74989058]
876_4610	chr19	35427082	35427482	+	1000	61.5	[10.2047415]	[111]	[]	[]	[35427279]	[]
876_4612	chr2	9327811	9328211	+	1000	61.5	[9.53014, 12.570299]	[96, 158]	[]	[]	[9327994, 9328056]	[]
876_4613	chr2	112728087	112728487	+	1000	61.5	[12.570299]	[145]	[]	[]	[112728306]	[]
876_4614	chr2	150063238	150063638	+	1000	61.5	[]	[]	[12.570299]	[115]	[]	[150063447]
876_462	chr5	127752503	127752903	+	1000	211.0	[]	[]	[12.570299]	[72]	[]	[127752665]
876_4623	chr3	52339596	52339996	+	1000	61.5	[9.252844]	[141]	[9.252844]	[138]	[52339830]	[52339827]
876_4628	chr4	55742603	55743003	+	1000	61.5	[12.570299]	[109]	[]	[]	[55742811]	[]
876_4629	chr4	89226701	89227101	+	1000	61.5	[]	[]	[12.570299]	[109]	[]	[89226878]
876_4631	chr5	181473386	181473786	+	1000	61.5	[7.676677]	[148]	[]	[]	[181473628]	[]
876_4633	chr6	27553047	27553447	+	1000	61.5	[]	[]	[7.578352, 10.2047415]	[68, 80]	[]	[27553202, 27553214]
876_4634	chr6	43910267	43910667	+	1000	61.5	[10.2047415]	[130]	[7.677661]	[67]	[43910489]	[43910426]
876_4639	chr7	72326414	72326814	+	1000	61.5	[9.252844]	[164]	[12.570299]	[135]	[72326655]	[72326626]
876_4640	chr7	102989136	102989536	+	1000	61.5	[8.361351, 9.53014]	[110, 154]	[]	[]	[102989343, 102989387]	[]
876_4641	chr7	131057162	131057562	+	1000	61.5	[8.84223]	[90]	[12.570299]	[158]	[131057333]	[131057401]
876_4644	chr9	87604123	87604523	+	1000	61.5	[]	[]	[10.2047415]	[95]	[]	[87604310]
876_4646	chr9	130827344	130827744	+	1000	61.5	[8.361351]	[175]	[]	[]	[130827580]	[]
876_465	chr15	90836270	90836670	+	1000	210.5	[12.570299]	[117]	[]	[]	[90836486]	[]
876_4650	chr1	169044363	169044763	+	1000	61.0	[9.252844]	[121]	[]	[]	[169044578]	[]
876_4651	chr1	181087342	181087742	+	1000	61.0	[]	[]	[10.2047415]	[135]	[]	[181087574]
876_4656	chr11	72985605	72986005	+	1000	61.0	[7.578352, 8.361351]	[66, 142]	[]	[]	[72985767, 72985843]	[]
876_4659	chr11	106173893	106174293	+	1000	61.0	[7.7748694]	[147]	[]	[]	[106174133]	[]
876_466	chr20	1061530	1061930	+	1000	210.5	[10.2047415]	[72]	[]	[]	[1061702]	[]
876_4661	chr12	12779559	12779959	+	1000	61.0	[8.361351]	[104]	[]	[]	[12779761]	[]
876_4663	chr13	44354933	44355333	+	1000	61.0	[9.252844, 12.570299]	[116, 131]	[]	[]	[44355132, 44355147]	[]
876_4664	chr14	68483995	68484395	+	1000	61.0	[9.252844]	[155]	[]	[]	[68484190]	[]
876_4668	chr17	15872602	15873002	+	1000	61.0	[]	[]	[9.53014]	[119]	[]	[15872777]
876_4669	chr17	77876002	77876402	+	1000	61.0	[]	[]	[9.53014]	[149]	[]	[77876212]
876_467	chr20	32511046	32511446	+	1000	210.5	[]	[]	[12.570299]	[104]	[]	[32511248]
876_4670	chr18	55589667	55590067	+	1000	61.0	[12.570299]	[126]	[]	[]	[55589888]	[]
876_4672	chr2	15439751	15440151	+	1000	61.0	[12.570299]	[161]	[]	[]	[15439986]	[]
876_4675	chr2	95143819	95144219	+	1000	61.0	[]	[]	[8.361351, 8.009179]	[100, 126]	[]	[95144017, 95144043]
876_4676	chr2	118706321	118706721	+	1000	61.0	[12.570299]	[107]	[]	[]	[118706518]	[]
876_4677	chr2	135893413	135893813	+	1000	61.0	[8.361351]	[101]	[7.764176]	[138]	[135893610]	[135893647]
876_468	chr3	139306081	139306481	+	1000	210.5	[12.570299]	[123]	[]	[]	[139306292]	[]
876_4683	chr22	22610405	22610805	+	1000	61.0	[7.7748694]	[83]	[]	[]	[22610576]	[]
876_4684	chr22	23039878	23040278	+	1000	61.0	[12.570299]	[167]	[]	[]	[23040106]	[]
876_4685	chr22	23536028	23536428	+	1000	61.0	[8.84223]	[158]	[8.361351]	[110]	[23536273]	[23536225]
876_4687	chr3	157300985	157301385	+	1000	61.0	[12.570299]	[95]	[]	[]	[157301157]	[]
876_4688	chr4	5443961	5444361	+	1000	61.0	[]	[]	[12.570299]	[98]	[]	[5444153]
876_4690	chr4	154088783	154089183	+	1000	61.0	[]	[]	[12.570299, 7.578352]	[79, 117]	[]	[154088944, 154088982]
876_4691	chr4	168442298	168442698	+	1000	61.0	[12.570299]	[97]	[]	[]	[168442482]	[]
876_4693	chr5	90866906	90867306	+	1000	61.0	[12.570299]	[88]	[]	[]	[90867094]	[]
876_4696	chr5	149761398	149761798	+	1000	61.0	[]	[]	[8.361351]	[87]	[]	[149761582]
876_470	chr1	109918002	109918402	+	1000	210.0	[12.570299]	[120]	[]	[]	[109918216]	[]
876_4702	chr7	7861220	7861620	+	1000	61.0	[]	[]	[12.570299]	[86]	[]	[7861398]
876_4703	chr7	12402335	12402735	+	1000	61.0	[12.570299, 9.53014]	[153, 177]	[]	[]	[12402543, 12402567]	[]
876_4704	chr7	16743174	16743574	+	1000	61.0	[8.84223, 8.182752, 12.570299]	[87, 125, 158]	[]	[]	[16743326, 16743364, 16743397]	[]
876_4707	chr7	130996918	130997318	+	1000	61.0	[10.2047415]	[96]	[]	[]	[130997107]	[]
876_4708	chr7	131040415	131040815	+	1000	61.0	[7.764176]	[142]	[12.570299]	[191]	[131040594]	[131040643]
876_4709	chr8	38091634	38092034	+	1000	61.0	[]	[]	[7.677661]	[90]	[]	[38091787]
876_4710	chr9	113406912	113407312	+	1000	61.0	[]	[]	[12.570299]	[120]	[]	[113407124]
876_4711	chrX	109943097	109943497	+	1000	61.0	[]	[]	[9.53014]	[106]	[]	[109943293]
876_4719	chr10	49158914	49159314	+	1000	60.5	[]	[]	[12.570299]	[108]	[]	[49159110]
876_472	chr5	10494475	10494875	+	1000	210.0	[]	[]	[8.361351]	[100]	[]	[10494674]
876_4720	chr10	79083239	79083639	+	1000	60.5	[8.361351]	[106]	[]	[]	[79083439]	[]
876_4728	chr12	96906773	96907173	+	1000	60.5	[12.570299]	[116]	[]	[]	[96906988]	[]
876_473	chr10	67793294	67793694	+	1000	209.0	[12.570299]	[93]	[]	[]	[67793473]	[]
876_4732	chr17	37134142	37134542	+	1000	60.5	[9.53014]	[85]	[]	[]	[37134301]	[]
876_4734	chr17	80254690	80255090	+	1000	60.5	[12.570299]	[118]	[]	[]	[80254888]	[]
876_4735	chr18	9803398	9803798	+	1000	60.5	[9.53014]	[124]	[]	[]	[9803622]	[]
876_4737	chr19	11923567	11923967	+	1000	60.5	[]	[]	[10.2047415]	[79]	[]	[11923742]
876_4739	chr2	68849561	68849961	+	1000	60.5	[]	[]	[9.53014]	[90]	[]	[68849740]
876_4740	chr20	50423073	50423473	+	1000	60.5	[]	[]	[12.570299]	[140]	[]	[50423309]
876_4742	chr22	20254344	20254744	+	1000	60.5	[10.2047415]	[146]	[]	[]	[20254587]	[]
876_4743	chr22	20702822	20703222	+	1000	60.5	[7.553737]	[95]	[]	[]	[20703013]	[]
876_4745	chr22	21574433	21574833	+	1000	60.5	[]	[]	[8.84223]	[139]	[]	[21574664]
876_4750	chr22	22612027	22612427	+	1000	60.5	[]	[]	[9.53014]	[193]	[]	[22612222]
876_4755	chr3	38151018	38151418	+	1000	60.5	[]	[]	[8.84223]	[106]	[]	[38151210]
876_4756	chr3	47324262	47324662	+	1000	60.5	[8.361351]	[125]	[8.361351]	[57]	[47324483]	[47324415]
876_4758	chr4	29717680	29718080	+	1000	60.5	[]	[]	[12.570299]	[129]	[]	[29717901]
876_4759	chr4	38242621	38243021	+	1000	60.5	[9.53014]	[142]	[]	[]	[38242838]	[]
876_4761	chr4	72169250	72169650	+	1000	60.5	[]	[]	[12.570299]	[104]	[]	[72169450]
876_4765	chr5	173822398	173822798	+	1000	60.5	[7.676677]	[73]	[8.84223]	[155]	[173822563]	[173822645]
876_4766	chr5	173969442	173969842	+	1000	60.5	[]	[]	[12.570299]	[74]	[]	[173969614]
876_477	chr1	178740938	178741338	+	1000	208.0	[12.570299]	[107]	[]	[]	[178741137]	[]
876_4770	chr6	109229543	109229943	+	1000	60.5	[]	[]	[10.2047415]	[136]	[]	[109229755]
876_4772	chr7	2717427	2717827	+	1000	60.5	[9.53014, 8.009179]	[99, 142]	[]	[]	[2717618, 2717661]	[]
876_4777	chr7	102973270	102973670	+	1000	60.5	[]	[]	[12.570299]	[103]	[]	[102973446]
876_4778	chr7	106199803	106200203	+	1000	60.5	[12.570299]	[127]	[]	[]	[106200006]	[]
876_4779	chr7	106565588	106565988	+	1000	60.5	[9.53014]	[158]	[]	[]	[106565812]	[]
876_4780	chr7	108211492	108211892	+	1000	60.5	[9.252844]	[112]	[]	[]	[108211695]	[]
876_4782	chr7	135960730	135961130	+	1000	60.5	[12.570299]	[132]	[]	[]	[135960944]	[]
876_4786	chr9	130817505	130817905	+	1000	60.5	[7.7748694]	[150]	[]	[]	[130817659]	[]
876_4788	chrX	24494653	24495053	+	1000	60.5	[12.570299]	[150]	[]	[]	[24494888]	[]
876_479	chr12	45695021	45695421	+	1000	207.5	[9.53014]	[108]	[]	[]	[45695226]	[]
876_4792	chr1	40058544	40058944	+	1000	60.0	[12.570299]	[140]	[]	[]	[40058748]	[]
876_4794	chr1	60940638	60941038	+	1000	60.0	[10.2047415]	[152]	[7.578352]	[73]	[60940873]	[60940794]
876_4797	chr1	157226785	157227185	+	1000	60.0	[12.570299]	[131]	[]	[]	[157226985]	[]
876_48	chr15	40826151	40826551	+	1000	585.5	[8.361351]	[109]	[]	[]	[40826354]	[]
876_480	chr6	28547033	28547433	+	1000	207.5	[7.5891633, 7.5891633, 7.553737]	[63, 112, 124]	[]	[]	[28547187, 28547236, 28547248]	[]
876_4801	chr1	204506820	204507220	+	1000	60.0	[]	[]	[9.252844]	[116]	[]	[204506987]
876_4803	chr1	235161417	235161817	+	1000	60.0	[]	[]	[12.570299]	[141]	[]	[235161595]
876_4804	chr10	21130103	21130503	+	1000	60.0	[]	[]	[8.264141]	[97]	[]	[21130288]
876_4806	chr12	13156232	13156632	+	1000	60.0	[]	[]	[7.7748694]	[79]	[]	[13156397]
876_481	chr7	91394832	91395232	+	1000	207.5	[]	[]	[12.570299]	[107]	[]	[91395033]
876_4813	chr14	34648666	34649066	+	1000	60.0	[12.570299]	[168]	[]	[]	[34648901]	[]
876_4818	chr17	55576408	55576808	+	1000	60.0	[]	[]	[12.570299]	[157]	[]	[55576637]
876_4820	chr18	3605640	3606040	+	1000	60.0	[12.570299]	[189]	[8.264141]	[206]	[3605863]	[3605880]
876_4822	chr18	70025525	70025925	+	1000	60.0	[]	[]	[12.570299]	[74]	[]	[70025688]
876_4823	chr19	909219	909619	+	1000	60.0	[12.570299]	[112]	[10.2047415]	[155]	[909421]	[909464]
876_4825	chr19	39960842	39961242	+	1000	60.0	[8.182752]	[192]	[]	[]	[39961038]	[]
876_4827	chr2	73647671	73648071	+	1000	60.0	[]	[]	[12.570299]	[107]	[]	[73647875]
876_4828	chr2	82055841	82056241	+	1000	60.0	[7.7748694, 12.570299]	[92, 101]	[]	[]	[82056017, 82056026]	[]
876_483	chr16	24838646	24839046	+	1000	207.0	[]	[]	[8.264141]	[78]	[]	[24838824]
876_4830	chr2	134667591	134667991	+	1000	60.0	[]	[]	[8.84223]	[102]	[]	[134667788]
876_4833	chr2	173766885	173767285	+	1000	60.0	[]	[]	[10.2047415]	[117]	[]	[173767084]
876_4835	chr20	45781611	45782011	+	1000	60.0	[]	[]	[12.570299]	[114]	[]	[45781782]
876_4836	chr21	35106429	35106829	+	1000	60.0	[8.361351]	[110]	[]	[]	[35106633]	[]
876_4838	chr22	20857796	20858196	+	1000	60.0	[]	[]	[7.553737]	[155]	[]	[20858041]
876_484	chr12	48409909	48410309	+	1000	206.5	[]	[]	[12.570299]	[105]	[]	[48410108]
876_4840	chr22	22658362	22658762	+	1000	60.0	[]	[]	[9.53014]	[97]	[]	[22658532]
876_4842	chr22	22808419	22808819	+	1000	60.0	[7.7748694]	[146]	[]	[]	[22808621]	[]
876_4843	chr3	4239475	4239875	+	1000	60.0	[10.2047415]	[122]	[]	[]	[4239689]	[]
876_4846	chr3	39275093	39275493	+	1000	60.0	[12.570299]	[109]	[]	[]	[39275291]	[]
876_4850	chr3	184912060	184912460	+	1000	60.0	[12.570299]	[142]	[]	[]	[184912268]	[]
876_4851	chr4	88191422	88191822	+	1000	60.0	[]	[]	[8.84223, 12.570299]	[60, 121]	[]	[88191573, 88191634]
876_4853	chr5	14790233	14790633	+	1000	60.0	[]	[]	[8.361351]	[147]	[]	[14790465]
876_4854	chr5	72647774	72648174	+	1000	60.0	[12.570299]	[125]	[]	[]	[72647991]	[]
876_4855	chr5	177588625	177589025	+	995	60.0	[12.570299]	[129]	[]	[]	[177588848]	[]
876_4856	chr6	7313306	7313706	+	1000	60.0	[]	[]	[7.578352]	[59]	[]	[7313460]
876_4858	chr6	43803182	43803582	+	1000	60.0	[8.009179]	[111]	[9.53014]	[93]	[43803389]	[43803371]
876_4861	chr7	14000287	14000687	+	1000	60.0	[]	[]	[8.361351]	[101]	[]	[14000470]
876_4862	chr7	118218386	118218786	+	1000	60.0	[]	[]	[9.53014]	[134]	[]	[118218602]
876_4866	chr8	15473613	15474013	+	1000	60.0	[9.53014, 8.84223]	[168, 177]	[]	[]	[15473850, 15473859]	[]
876_487	chr10	22513821	22514221	+	1000	206.0	[]	[]	[12.570299]	[98]	[]	[22514004]
876_4872	chr9	130801598	130801998	+	1000	60.0	[]	[]	[8.84223]	[161]	[]	[130801788]
876_4877	chrX	110036407	110036807	+	1000	60.0	[]	[]	[12.570299, 7.578352]	[103, 146]	[]	[110036610, 110036653]
876_4878	chrX	149491910	149492310	+	1000	60.0	[8.361351, 12.570299]	[88, 98]	[8.84223]	[109]	[149492098, 149492108]	[149492119]
876_4884	chr1	145996507	145996907	+	1000	59.5	[]	[]	[12.570299]	[97]	[]	[145996697]
876_4885	chr1	162349952	162350352	+	1000	59.5	[]	[]	[7.7748694, 9.53014]	[97, 147]	[]	[162350115, 162350165]
876_4896	chr10	64120551	64120951	+	1000	59.5	[12.570299]	[104]	[]	[]	[64120752]	[]
876_4898	chr10	91196622	91197022	+	1000	59.5	[]	[]	[12.570299]	[108]	[]	[91196814]
876_49	chr17	26885236	26885636	+	1000	575.5	[]	[]	[8.182752]	[166]	[]	[26885435]
876_4900	chr11	75059294	75059694	+	1000	59.5	[12.570299]	[140]	[]	[]	[75059516]	[]
876_4902	chr12	91767751	91768151	+	1000	59.5	[12.570299]	[125]	[]	[]	[91767973]	[]
876_4903	chr12	111578377	111578777	+	1000	59.5	[8.264141]	[113]	[]	[]	[111578576]	[]
876_4908	chr15	74461002	74461402	+	1000	59.5	[9.53014]	[185]	[]	[]	[74461238]	[]
876_4909	chr17	46758610	46759010	+	741	59.5	[9.53014]	[116]	[9.252844]	[62]	[46758822]	[46758768]
876_4913	chr2	85951642	85952042	+	1000	59.5	[8.361351]	[81]	[]	[]	[85951818]	[]
876_4917	chr2	233179985	233180385	+	1000	59.5	[]	[]	[12.570299, 7.578352]	[92, 171]	[]	[233180155, 233180234]
876_492	chr21	34865253	34865653	+	1000	205.0	[12.570299]	[94]	[]	[]	[34865447]	[]
876_4927	chr3	16474263	16474663	+	1000	59.5	[9.53014]	[103]	[]	[]	[16474462]	[]
876_4929	chr3	32073584	32073984	+	1000	59.5	[]	[]	[12.570299, 7.553737]	[85, 98]	[]	[32073759, 32073772]
876_493	chr22	21707682	21708082	+	1000	205.0	[12.570299, 9.53014]	[94, 134]	[]	[]	[21707870, 21707910]	[]
876_4934	chr3	157897037	157897437	+	1000	59.5	[12.570299]	[156]	[]	[]	[157897285]	[]
876_4935	chr3	178823557	178823957	+	1000	59.5	[9.53014]	[97]	[]	[]	[178823747]	[]
876_4936	chr3	193885935	193886335	+	1000	59.5	[8.264141]	[167]	[]	[]	[193886177]	[]
876_4937	chr3	196599707	196600107	+	1000	59.5	[9.53014, 9.53014]	[112, 148]	[7.578352]	[72]	[196599915, 196599951]	[196599875]
876_4938	chr4	80423014	80423414	+	1000	59.5	[10.2047415]	[126]	[]	[]	[80423238]	[]
876_4939	chr4	83957532	83957932	+	1000	59.5	[]	[]	[12.570299]	[106]	[]	[83957736]
876_4940	chr4	173124546	173124946	+	1000	59.5	[10.2047415]	[98]	[]	[]	[173124742]	[]
876_4941	chr5	61966547	61966947	+	1000	59.5	[12.570299]	[120]	[12.570299]	[149]	[61966744]	[61966773]
876_4944	chr5	77319067	77319467	+	1000	59.5	[10.2047415]	[146]	[]	[]	[77319285]	[]
876_4946	chr5	175544155	175544555	+	1000	59.5	[9.53014, 8.009179]	[79, 96]	[8.84223]	[73]	[175544313, 175544330]	[175544307]
876_4953	chr7	23804679	23805079	+	1000	59.5	[]	[]	[10.2047415, 10.2047415]	[111, 166]	[]	[23804864, 23804919]
876_4954	chr7	67128181	67128581	+	1000	59.5	[]	[]	[12.570299]	[148]	[]	[67128406]
876_4956	chr7	108539026	108539426	+	1000	59.5	[8.361351]	[117]	[]	[]	[108539197]	[]
876_4958	chr7	122238781	122239181	+	1000	59.5	[12.570299]	[127]	[]	[]	[122238990]	[]
876_496	chr4	27075592	27075992	+	1000	204.0	[]	[]	[12.570299]	[100]	[]	[27075790]
876_4965	chr9	116705519	116705919	+	1000	59.5	[12.570299]	[109]	[]	[]	[116705724]	[]
876_4966	chrX	40514354	40514754	+	1000	59.5	[]	[]	[12.570299]	[103]	[]	[40514544]
876_497	chr12	76319911	76320311	+	1000	203.5	[12.570299]	[91]	[]	[]	[76320094]	[]
876_4970	chr1	25432124	25432524	+	1000	59.0	[12.570299]	[121]	[12.570299]	[75]	[25432335]	[25432289]
876_4971	chr1	33022627	33023027	+	1000	59.0	[9.252844]	[125]	[]	[]	[33022837]	[]
876_4973	chr1	169271055	169271455	+	1000	59.0	[10.2047415]	[140]	[]	[]	[169271292]	[]
876_4975	chr1	225561648	225562048	+	1000	59.0	[12.570299, 12.570299]	[94, 106]	[]	[]	[225561832, 225561844]	[]
876_498	chr2	230341855	230342255	+	1000	203.5	[]	[]	[12.570299]	[91]	[]	[230342044]
876_4980	chr10	40614593	40614993	+	1000	59.0	[9.252844]	[94]	[]	[]	[40614784]	[]
876_4981	chr10	46031949	46032349	+	1000	59.0	[8.84223]	[78]	[8.84223]	[75]	[46032113]	[46032110]
876_4983	chr10	70667840	70668240	+	1000	59.0	[8.84223]	[181]	[8.84223]	[178]	[70668061]	[70668058]
876_4984	chr11	33957546	33957946	+	1000	59.0	[8.84223]	[126]	[8.84223]	[123]	[33957755]	[33957752]
876_4987	chr11	97964631	97965031	+	1000	59.0	[12.570299]	[181]	[9.53014]	[129]	[97964876]	[97964824]
876_4990	chr12	76777921	76778321	+	1000	59.0	[]	[]	[10.2047415, 8.361351]	[69, 86]	[]	[76778082, 76778099]
876_4991	chr12	80128509	80128909	+	1000	59.0	[]	[]	[12.570299]	[103]	[]	[80128712]
876_4997	chr15	101446195	101446595	+	1000	59.0	[]	[]	[9.53014]	[116]	[]	[101446380]
876_4999	chr17	44690101	44690501	+	1000	59.0	[10.2047415, 9.53014]	[95, 99]	[]	[]	[44690289, 44690293]	[]
876_50	chr2	226772595	226772995	+	1000	572.0	[]	[]	[10.2047415]	[98]	[]	[226772791]
876_5001	chr18	55981679	55982079	+	1000	59.0	[12.570299]	[86]	[]	[]	[55981843]	[]
876_5004	chr2	107745757	107746157	+	1000	59.0	[12.570299]	[95]	[]	[]	[107745944]	[]
876_5006	chr2	151380598	151380998	+	1000	59.0	[9.53014]	[107]	[]	[]	[151380781]	[]
876_5011	chr20	34570799	34571199	+	1000	59.0	[8.361351]	[95]	[]	[]	[34570985]	[]
876_5013	chr21	31720707	31721107	+	1000	59.0	[12.570299]	[126]	[]	[]	[31720931]	[]
876_5023	chr3	141692958	141693358	+	1000	59.0	[10.2047415]	[152]	[]	[]	[141693189]	[]
876_5026	chr3	153797070	153797470	+	1000	59.0	[12.570299]	[106]	[]	[]	[153797268]	[]
876_5031	chr5	39075113	39075513	+	1000	59.0	[9.252844]	[70]	[9.252844]	[67]	[39075283]	[39075280]
876_5032	chr5	173782393	173782793	+	1000	59.0	[]	[]	[7.676677]	[189]	[]	[173782641]
876_5034	chr6	28079805	28080205	+	1000	59.0	[12.570299]	[89]	[]	[]	[28079980]	[]
876_5035	chr6	28898230	28898630	+	1000	59.0	[]	[]	[9.53014]	[138]	[]	[28898420]
876_5039	chr6	37637823	37638223	+	1000	59.0	[9.252844]	[116]	[12.570299]	[105]	[37638027]	[37638016]
876_504	chr15	48851998	48852398	+	1000	202.0	[9.252844]	[111]	[9.252844]	[108]	[48852199]	[48852196]
876_5041	chr6	106911015	106911415	+	1000	59.0	[12.570299]	[139]	[]	[]	[106911233]	[]
876_5044	chr6	151391699	151392099	+	1000	59.0	[]	[]	[12.570299, 8.182752]	[136, 149]	[]	[151391914, 151391927]
876_5048	chr7	138417826	138418226	+	1000	59.0	[]	[]	[10.2047415]	[110]	[]	[138418021]
876_5051	chr8	97783171	97783571	+	1000	59.0	[]	[]	[12.570299]	[108]	[]	[97783376]
876_5052	chr9	78004489	78004889	+	1000	59.0	[9.53014, 8.361351]	[98, 124]	[]	[]	[78004680, 78004706]	[]
876_5054	chr9	135952396	135952796	+	1000	59.0	[12.570299]	[129]	[]	[]	[135952612]	[]
876_5055	chrX	135393961	135394361	+	1000	59.0	[8.361351]	[90]	[8.361351]	[117]	[135394129]	[135394156]
876_506	chr19	32669976	32670376	+	1000	202.0	[12.570299]	[100]	[]	[]	[32670164]	[]
876_5061	chr1	89929435	89929835	+	1000	58.5	[10.2047415]	[214]	[]	[]	[89929680]	[]
876_5063	chr1	172431884	172432284	+	1000	58.5	[12.570299]	[91]	[]	[]	[172432069]	[]
876_5071	chr10	73367040	73367440	+	1000	58.5	[12.570299]	[144]	[]	[]	[73367264]	[]
876_5072	chr11	269392	269792	+	1000	58.5	[]	[]	[8.182752]	[156]	[]	[269627]
876_5073	chr11	18651227	18651627	+	1000	58.5	[]	[]	[10.2047415]	[141]	[]	[18651430]
876_5075	chr12	47850762	47851162	+	1000	58.5	[]	[]	[12.570299]	[76]	[]	[47850936]
876_5076	chr12	93847851	93848251	+	1000	58.5	[12.570299]	[153]	[]	[]	[93848088]	[]
876_5077	chr14	50303781	50304181	+	1000	58.5	[]	[]	[7.578352]	[75]	[]	[50303942]
876_508	chr16	70582589	70582989	+	1000	201.0	[]	[]	[8.361351]	[102]	[]	[70582790]
876_5080	chr16	31100201	31100601	+	1000	58.5	[12.570299]	[118]	[]	[]	[31100407]	[]
876_5081	chr16	46396871	46397271	+	1000	58.5	[7.5891633]	[167]	[]	[]	[46397120]	[]
876_5083	chr17	59156086	59156486	+	1000	58.5	[]	[]	[12.570299]	[147]	[]	[59156315]
876_5085	chr17	77863605	77864005	+	1000	58.5	[10.2047415]	[103]	[]	[]	[77863807]	[]
876_5088	chr19	6504845	6505245	+	776	58.5	[8.361351]	[113]	[]	[]	[6505047]	[]
876_5089	chr19	6682754	6683154	+	1000	58.5	[]	[]	[8.361351]	[139]	[]	[6682983]
876_5094	chr2	69443686	69444086	+	1000	58.5	[7.553737, 12.570299]	[122, 135]	[]	[]	[69443888, 69443901]	[]
876_5095	chr2	112967008	112967408	+	1000	58.5	[8.361351]	[115]	[]	[]	[112967211]	[]
876_5097	chr2	172021396	172021796	+	1000	58.5	[]	[]	[12.570299]	[85]	[]	[172021579]
876_5098	chr20	137746	138146	+	1000	58.5	[]	[]	[8.361351]	[125]	[]	[137961]
876_510	chr5	29191441	29191841	+	1000	200.5	[]	[]	[12.570299]	[101]	[]	[29191641]
876_5100	chr20	58251998	58252398	+	1000	58.5	[8.182752]	[152]	[]	[]	[58252249]	[]
876_5101	chr21	33417555	33417955	+	1000	58.5	[8.182752]	[138]	[]	[]	[33417753]	[]
876_5102	chr22	21779115	21779515	+	1000	58.5	[10.2047415, 7.7748694]	[135, 178]	[]	[]	[21779316, 21779359]	[]
876_5107	chr3	43693659	43694059	+	1000	58.5	[]	[]	[12.570299]	[72]	[]	[43693828]
876_5110	chr3	171901931	171902331	+	1000	58.5	[10.2047415]	[148]	[8.84223, 9.53014]	[106, 118]	[171902146]	[171902104, 171902116]
876_5112	chr5	10439400	10439800	+	1000	58.5	[7.553737]	[99]	[12.570299]	[109]	[10439592]	[10439602]
876_5114	chr5	109468705	109469105	+	1000	58.5	[9.53014]	[89]	[]	[]	[109468884]	[]
876_5115	chr5	163165260	163165660	+	1000	58.5	[12.570299]	[146]	[]	[]	[163165501]	[]
876_5119	chr6	26532625	26533025	+	1000	58.5	[12.570299]	[75]	[]	[]	[26532793]	[]
876_512	chr7	76728748	76729148	+	1000	200.0	[12.570299]	[106]	[]	[]	[76728952]	[]
876_5120	chr6	88419851	88420251	+	1000	58.5	[]	[]	[10.2047415]	[86]	[]	[88420037]
876_5122	chr7	10707551	10707951	+	1000	58.5	[]	[]	[8.182752]	[169]	[]	[10707801]
876_5125	chr7	148847769	148848169	+	1000	58.5	[]	[]	[8.84223]	[152]	[]	[148847991]
876_5128	chr9	38170995	38171395	+	1000	58.5	[]	[]	[12.570299]	[146]	[]	[38171188]
876_5131	chr9	130844771	130845171	+	1000	58.5	[7.764176]	[223]	[]	[]	[130845003]	[]
876_5133	chr9	131043140	131043540	+	1000	58.5	[9.252844]	[123]	[]	[]	[131043308]	[]
876_5139	chr1	32309966	32310366	+	1000	58.0	[10.2047415]	[88]	[9.53014]	[122]	[32310153]	[32310187]
876_5140	chr1	45298031	45298431	+	1000	58.0	[9.252844]	[113]	[]	[]	[45298236]	[]
876_5143	chr1	109950542	109950942	+	1000	58.0	[]	[]	[12.570299]	[98]	[]	[109950720]
876_5149	chr1	231494357	231494757	+	1000	58.0	[10.2047415]	[124]	[]	[]	[231494563]	[]
876_515	chr2	185864841	185865241	+	1000	199.5	[12.570299]	[130]	[]	[]	[185865066]	[]
876_5151	chr10	21265601	21266001	+	1000	58.0	[12.570299]	[120]	[]	[]	[21265820]	[]
876_5157	chr12	51884525	51884925	+	1000	58.0	[12.570299]	[93]	[]	[]	[51884715]	[]
876_5158	chr12	60168422	60168822	+	1000	58.0	[8.009179]	[113]	[8.182752]	[98]	[60168623]	[60168608]
876_516	chr1	113217716	113218116	+	1000	199.0	[]	[]	[12.570299]	[99]	[]	[113217913]
876_5160	chr12	73002517	73002917	+	1000	58.0	[12.570299]	[129]	[]	[]	[73002743]	[]
876_5161	chr12	114684170	114684570	+	1000	58.0	[8.361351]	[129]	[]	[]	[114684392]	[]
876_5162	chr14	74927205	74927605	+	1000	58.0	[8.361351]	[65]	[]	[]	[74927357]	[]
876_5164	chr15	38440292	38440692	+	1000	58.0	[]	[]	[12.570299]	[122]	[]	[38440506]
876_5166	chr17	42527896	42528296	+	1000	58.0	[]	[]	[12.570299]	[68]	[]	[42528064]
876_5167	chr17	67994500	67994900	+	1000	58.0	[]	[]	[12.570299]	[112]	[]	[67994684]
876_5168	chr17	76643681	76644081	+	1000	58.0	[]	[]	[12.570299]	[184]	[]	[76643884]
876_5170	chr18	9926991	9927391	+	1000	58.0	[10.2047415]	[161]	[]	[]	[9927225]	[]
876_5174	chr2	53778701	53779101	+	1000	58.0	[10.2047415]	[105]	[]	[]	[53778893]	[]
876_5178	chr2	174792667	174793067	+	1000	58.0	[]	[]	[8.361351]	[118]	[]	[174792865]
876_518	chr18	35506070	35506470	+	1000	199.0	[12.570299, 12.570299]	[65, 142]	[7.7748694]	[132]	[35506227, 35506304]	[35506294]
876_5183	chr22	23022894	23023294	+	1000	58.0	[]	[]	[8.84223]	[186]	[]	[23023144]
876_5186	chr3	125936891	125937291	+	1000	58.0	[12.570299]	[128]	[]	[]	[125937106]	[]
876_5189	chr4	38329360	38329760	+	1000	58.0	[9.252844]	[96]	[9.252844]	[93]	[38329552]	[38329549]
876_5194	chr4	174320421	174320821	+	1000	58.0	[9.53014]	[102]	[7.553737]	[81]	[174320617]	[174320596]
876_5196	chr5	95918587	95918987	+	1000	58.0	[]	[]	[12.570299]	[115]	[]	[95918799]
876_5197	chr5	115831156	115831556	+	1000	58.0	[12.570299]	[150]	[]	[]	[115831396]	[]
876_520	chr11	108223469	108223869	+	1000	198.5	[]	[]	[10.2047415]	[109]	[]	[108223677]
876_5201	chr6	15665804	15666204	+	1000	58.0	[7.5891633]	[132]	[12.570299]	[115]	[15666031]	[15666014]
876_5203	chr6	42720823	42721223	+	1000	58.0	[12.570299]	[120]	[]	[]	[42721030]	[]
876_5205	chr6	90296699	90297099	+	1000	58.0	[]	[]	[8.361351]	[132]	[]	[90296902]
876_5206	chr6	149233366	149233766	+	1000	58.0	[]	[]	[12.570299]	[126]	[]	[149233590]
876_5209	chr7	1532753	1533153	+	1000	58.0	[12.570299]	[99]	[]	[]	[1532914]	[]
876_521	chr15	92803933	92804333	+	1000	198.5	[]	[]	[12.570299]	[157]	[]	[92804157]
876_5211	chr7	43577510	43577910	+	1000	58.0	[12.570299]	[104]	[]	[]	[43577702]	[]
876_5219	chr7	138254486	138254886	+	1000	58.0	[8.361351]	[158]	[]	[]	[138254688]	[]
876_5222	chr8	85068079	85068479	+	1000	58.0	[]	[]	[12.570299]	[116]	[]	[85068273]
876_5223	chr8	128167342	128167742	+	1000	58.0	[12.570299, 12.570299]	[126, 140]	[]	[]	[128167555, 128167569]	[]
876_5226	chrX	18739609	18740009	+	1000	58.0	[]	[]	[12.570299]	[104]	[]	[18739807]
876_5229	chrX	134951239	134951639	+	1000	58.0	[12.570299]	[131]	[]	[]	[134951452]	[]
876_523	chr4	110248833	110249233	+	1000	198.0	[]	[]	[12.570299]	[105]	[]	[110249036]
876_5232	chr1	116687745	116688145	+	1000	57.5	[]	[]	[9.252844]	[90]	[]	[116687909]
876_5236	chr1	207363387	207363787	+	1000	57.5	[8.84223]	[178]	[]	[]	[207363631]	[]
876_5239	chr10	29005990	29006390	+	1000	57.5	[9.53014]	[119]	[]	[]	[29006200]	[]
876_5241	chr11	3652530	3652930	+	1000	57.5	[]	[]	[12.570299, 7.553737]	[111, 124]	[]	[3652738, 3652751]
876_5242	chr11	34603171	34603571	+	1000	57.5	[]	[]	[9.252844]	[89]	[]	[34603352]
876_5243	chr11	93624829	93625229	+	1000	57.5	[]	[]	[12.570299]	[98]	[]	[93625002]
876_5244	chr11	95725166	95725566	+	1000	57.5	[]	[]	[9.252844]	[132]	[]	[95725385]
876_525	chr17	55451296	55451696	+	1000	196.5	[]	[]	[9.53014]	[156]	[]	[55451543]
876_5250	chr14	68719831	68720231	+	1000	57.5	[7.578352, 10.2047415]	[133, 186]	[]	[]	[68720018, 68720071]	[]
876_5254	chr15	58332963	58333363	+	1000	57.5	[]	[]	[8.361351]	[140]	[]	[58333201]
876_5263	chr2	15538769	15539169	+	1000	57.5	[]	[]	[12.570299, 7.553737]	[149, 168]	[]	[15538996, 15539015]
876_5265	chr2	37585185	37585585	+	1000	57.5	[12.570299]	[127]	[]	[]	[37585405]	[]
876_5267	chr2	55109486	55109886	+	1000	57.5	[]	[]	[12.570299]	[91]	[]	[55109641]
876_5269	chr20	48722376	48722776	+	1000	57.5	[12.570299]	[141]	[]	[]	[48722615]	[]
876_5276	chr22	22844817	22845217	+	1000	57.5	[7.7748694]	[135]	[]	[]	[22845052]	[]
876_528	chr17	27104495	27104895	+	1000	196.0	[]	[]	[12.570299]	[107]	[]	[27104702]
876_5280	chr3	97957583	97957983	+	1000	57.5	[12.570299]	[131]	[]	[]	[97957797]	[]
876_5281	chr3	118530351	118530751	+	1000	57.5	[]	[]	[7.7748694]	[91]	[]	[118530504]
876_5283	chr3	195165787	195166187	+	1000	57.5	[]	[]	[12.570299]	[101]	[]	[195165982]
876_5286	chr4	55682336	55682736	+	1000	57.5	[]	[]	[8.361351, 12.570299, 7.578352]	[108, 125, 159]	[]	[55682514, 55682531, 55682565]
876_529	chr6	69758193	69758593	+	1000	196.0	[]	[]	[10.2047415]	[79]	[]	[69758366]
876_5291	chr5	180049275	180049675	+	1000	57.5	[7.578352]	[87]	[]	[]	[180049457]	[]
876_5294	chr6	43267574	43267974	+	1000	57.5	[9.252844]	[176]	[]	[]	[43267821]	[]
876_5297	chr6	111250718	111251118	+	1000	57.5	[8.264141]	[110]	[9.252844, 10.2047415]	[130, 170]	[111250904]	[111250924, 111250964]
876_53	chrX	47048038	47048438	+	1000	568.0	[12.570299]	[96]	[]	[]	[47048233]	[]
876_530	chr12	57539251	57539651	+	1000	195.5	[12.570299]	[96]	[]	[]	[57539437]	[]
876_5301	chr7	1571209	1571609	+	1000	57.5	[7.578352]	[127]	[10.2047415]	[104]	[1571434]	[1571411]
876_5302	chr7	38413732	38414132	+	1000	57.5	[]	[]	[12.570299]	[72]	[]	[38413890]
876_5303	chr7	87150980	87151380	+	1000	57.5	[12.570299]	[140]	[7.676677]	[99]	[87151194]	[87151153]
876_5304	chr7	131066623	131067023	+	1000	57.5	[]	[]	[12.570299]	[98]	[]	[131066817]
876_5306	chr8	80084201	80084601	+	1000	57.5	[]	[]	[12.570299]	[108]	[]	[80084395]
876_5313	chr1	16610106	16610506	+	1000	57.0	[7.7748694, 7.7748694]	[140, 173]	[]	[]	[16610269, 16610302]	[]
876_532	chr14	22334001	22334401	+	1000	195.5	[12.570299]	[100]	[]	[]	[22334196]	[]
876_5320	chr1	186220080	186220480	+	1000	57.0	[12.570299]	[126]	[]	[]	[186220294]	[]
876_5325	chr10	45560287	45560687	+	1000	57.0	[]	[]	[7.5891633, 8.361351]	[111, 127]	[]	[45560479, 45560495]
876_5327	chr11	65418599	65418999	+	1000	57.0	[]	[]	[10.2047415]	[88]	[]	[65418783]
876_5330	chr12	110093812	110094212	+	1000	57.0	[12.570299]	[116]	[]	[]	[110094016]	[]
876_5331	chr12	122493203	122493603	+	1000	57.0	[12.570299]	[96]	[]	[]	[122493399]	[]
876_5333	chr13	16306380	16306780	+	1000	57.0	[]	[]	[9.252844]	[156]	[]	[16306607]
876_5338	chr14	103445174	103445574	+	1000	57.0	[]	[]	[8.84223, 10.2047415]	[109, 130]	[]	[103445377, 103445398]
876_534	chr12	31277079	31277479	+	1000	194.5	[10.2047415]	[91]	[]	[]	[31277267]	[]
876_5342	chr16	83888697	83889097	+	1000	57.0	[]	[]	[7.5891633]	[101]	[]	[83888896]
876_5343	chr17	2383587	2383987	+	1000	57.0	[]	[]	[10.2047415]	[145]	[]	[2383805]
876_5348	chr19	34860462	34860862	+	1000	57.0	[12.570299]	[100]	[]	[]	[34860657]	[]
876_5349	chr19	55549334	55549734	+	1000	57.0	[8.361351]	[70]	[7.7748694]	[99]	[55549504]	[55549533]
876_535	chr18	11925774	11926174	+	1000	194.5	[]	[]	[9.53014]	[107]	[]	[11925972]
876_5350	chr2	108271990	108272390	+	1000	57.0	[12.570299]	[106]	[]	[]	[108272180]	[]
876_5359	chr22	22975192	22975592	+	1000	57.0	[12.570299]	[141]	[]	[]	[22975401]	[]
876_536	chr17	56876804	56877204	+	1000	194.0	[9.252844]	[112]	[]	[]	[56877014]	[]
876_5362	chr3	99738589	99738989	+	1000	57.0	[]	[]	[12.570299]	[93]	[]	[99738776]
876_5363	chr3	110889081	110889481	+	1000	57.0	[12.570299]	[105]	[]	[]	[110889281]	[]
876_5365	chr3	153032877	153033277	+	1000	57.0	[8.361351, 7.7748694]	[75, 144]	[]	[]	[153033037, 153033106]	[]
876_5366	chr3	161215253	161215653	+	1000	57.0	[8.361351]	[132]	[]	[]	[161215472]	[]
876_5369	chr4	78779269	78779669	+	1000	57.0	[]	[]	[12.570299]	[155]	[]	[78779499]
876_5370	chr4	94099145	94099545	+	1000	57.0	[12.570299]	[139]	[]	[]	[94099375]	[]
876_5378	chr5	150323110	150323510	+	1000	57.0	[]	[]	[8.361351]	[96]	[]	[150323289]
876_5379	chr6	26336148	26336548	+	1000	57.0	[12.570299]	[212]	[]	[]	[26336399]	[]
876_538	chr19	18385869	18386269	+	1000	193.5	[]	[]	[12.570299]	[107]	[]	[18386062]
876_5382	chr6	157376943	157377343	+	1000	57.0	[]	[]	[12.570299]	[120]	[]	[157377158]
876_5384	chr6	167558836	167559236	+	1000	57.0	[]	[]	[12.570299]	[118]	[]	[167559051]
876_5386	chr7	5514121	5514521	+	1000	57.0	[12.570299]	[94]	[]	[]	[5514312]	[]
876_5388	chr7	34174958	34175358	+	1000	57.0	[]	[]	[12.570299]	[70]	[]	[34175117]
876_5389	chr7	44877624	44878024	+	1000	57.0	[9.252844]	[119]	[]	[]	[44877839]	[]
876_5391	chr7	96757868	96758268	+	1000	57.0	[12.570299]	[117]	[8.009179]	[160]	[96758071]	[96758114]
876_5397	chr8	125110815	125111215	+	1000	57.0	[]	[]	[7.578352]	[125]	[]	[125111014]
876_5398	chr9	6078381	6078781	+	1000	57.0	[]	[]	[9.252844]	[104]	[]	[6078584]
876_5399	chr9	37897712	37898112	+	1000	57.0	[12.570299]	[175]	[]	[]	[37897944]	[]
876_540	chr7	113743134	113743534	+	1000	192.5	[12.570299]	[137]	[]	[]	[113743369]	[]
876_5400	chr9	129879032	129879432	+	1000	57.0	[7.553737]	[111]	[7.578352]	[74]	[129879227]	[129879190]
876_5401	chr9	130809803	130810203	+	1000	57.0	[]	[]	[12.570299]	[155]	[]	[130810027]
876_5405	chr1	16195154	16195554	+	1000	56.5	[]	[]	[10.2047415]	[76]	[]	[16195310]
876_5406	chr1	16618236	16618636	+	1000	56.5	[8.009179, 7.677661]	[57, 118]	[7.677661]	[117]	[16618389, 16618450]	[16618449]
876_5409	chr1	154629289	154629689	+	1000	56.5	[9.53014]	[143]	[]	[]	[154629486]	[]
876_5410	chr1	159228531	159228931	+	707	56.5	[]	[]	[10.2047415]	[90]	[]	[159228696]
876_5412	chr1	167822314	167822714	+	1000	56.5	[]	[]	[9.252844]	[120]	[]	[167822531]
876_5413	chr1	173329826	173330226	+	1000	56.5	[12.570299]	[89]	[]	[]	[173330003]	[]
876_5414	chr1	174890010	174890410	+	1000	56.5	[12.570299]	[108]	[]	[]	[174890211]	[]
876_5415	chr1	180640564	180640964	+	1000	56.5	[10.2047415, 7.7748694]	[78, 140]	[]	[]	[180640737, 180640799]	[]
876_5417	chr1	202534891	202535291	+	1000	56.5	[10.2047415]	[126]	[]	[]	[202535106]	[]
876_5419	chr1	212633173	212633573	+	1000	56.5	[12.570299]	[137]	[]	[]	[212633384]	[]
876_542	chr4	55841971	55842371	+	1000	192.0	[12.570299]	[139]	[]	[]	[55842207]	[]
876_5422	chr1	231423684	231424084	+	1000	56.5	[12.570299]	[126]	[]	[]	[231423892]	[]
876_5424	chr1	246583047	246583447	+	1000	56.5	[]	[]	[12.570299]	[124]	[]	[246583210]
876_5426	chr10	49300062	49300462	+	1000	56.5	[10.2047415]	[148]	[]	[]	[49300272]	[]
876_543	chr6	82101566	82101966	+	1000	192.0	[12.570299]	[114]	[]	[]	[82101768]	[]
876_5432	chr11	3509687	3510087	+	1000	56.5	[7.7748694]	[95]	[]	[]	[3509876]	[]
876_5438	chr11	73470052	73470452	+	1000	56.5	[12.570299]	[114]	[]	[]	[73470258]	[]
876_5443	chr16	55947343	55947743	+	1000	56.5	[9.53014, 9.53014]	[103, 149]	[]	[]	[55947545, 55947591]	[]
876_5445	chr17	51322385	51322785	+	1000	56.5	[9.252844]	[105]	[]	[]	[51322585]	[]
876_5446	chr17	64927546	64927946	+	1000	56.5	[12.570299]	[145]	[9.252844]	[125]	[64927740]	[64927720]
876_5447	chr17	82295621	82296021	+	1000	56.5	[8.84223]	[92]	[12.570299, 8.361351]	[103, 113]	[82295813]	[82295824, 82295834]
876_5449	chr18	9820733	9821133	+	1000	56.5	[]	[]	[12.570299]	[89]	[]	[9820921]
876_545	chr12	119661860	119662260	+	1000	191.5	[10.2047415]	[97]	[]	[]	[119662054]	[]
876_5454	chr2	74862240	74862640	+	1000	56.5	[7.676677]	[162]	[]	[]	[74862478]	[]
876_5455	chr2	101207496	101207896	+	1000	56.5	[9.53014]	[88]	[]	[]	[101207684]	[]
876_5459	chr2	182638661	182639061	+	1000	56.5	[9.53014]	[157]	[]	[]	[182638873]	[]
876_5460	chr20	16471942	16472342	+	1000	56.5	[10.2047415]	[96]	[]	[]	[16472128]	[]
876_5461	chr20	53609916	53610316	+	1000	56.5	[12.570299]	[117]	[]	[]	[53610115]	[]
876_5465	chr22	22731977	22732377	+	1000	56.5	[9.252844]	[145]	[]	[]	[22732160]	[]
876_547	chr3	155275130	155275530	+	1000	191.5	[12.570299]	[110]	[]	[]	[155275335]	[]
876_5471	chr3	157115342	157115742	+	1000	56.5	[]	[]	[9.252844]	[144]	[]	[157115556]
876_5473	chr4	67523239	67523639	+	1000	56.5	[8.361351, 7.677661]	[82, 109]	[7.677661]	[108]	[67523412, 67523439]	[67523438]
876_5474	chr4	74423086	74423486	+	1000	56.5	[9.53014]	[122]	[]	[]	[74423284]	[]
876_5476	chr4	78764368	78764768	+	1000	56.5	[12.570299]	[99]	[]	[]	[78764553]	[]
876_5479	chr5	154859543	154859943	+	1000	56.5	[10.2047415]	[131]	[8.264141]	[157]	[154859763]	[154859789]
876_5485	chr6	125302710	125303110	+	1000	56.5	[]	[]	[12.570299]	[98]	[]	[125302868]
876_5489	chr7	107075931	107076331	+	1000	56.5	[]	[]	[8.009179]	[128]	[]	[107076143]
876_5490	chr7	118114185	118114585	+	1000	56.5	[]	[]	[8.361351]	[85]	[]	[118114360]
876_5491	chr7	135281435	135281835	+	1000	56.5	[]	[]	[12.570299]	[70]	[]	[135281601]
876_5495	chr8	97325520	97325920	+	1000	56.5	[12.570299]	[97]	[]	[]	[97325716]	[]
876_5496	chr9	33807080	33807480	+	1000	56.5	[7.677661, 7.676677, 10.2047415]	[95, 133, 159]	[]	[]	[33807231, 33807269, 33807295]	[]
876_5497	chr9	91197169	91197569	+	1000	56.5	[9.252844]	[168]	[]	[]	[91197420]	[]
876_55	chr7	12951496	12951896	+	1000	560.0	[8.84223]	[108]	[]	[]	[12951700]	[]
876_5501	chr9	131103537	131103937	+	1000	56.5	[12.570299]	[184]	[]	[]	[131103769]	[]
876_5503	chr1	27542375	27542775	+	1000	56.0	[]	[]	[9.252844]	[94]	[]	[27542550]
876_5505	chr1	111078994	111079394	+	1000	56.0	[]	[]	[12.570299]	[112]	[]	[111079179]
876_551	chr9	125538008	125538408	+	1000	190.5	[12.570299]	[120]	[]	[]	[125538217]	[]
876_5512	chr1	200640796	200641196	+	1000	56.0	[]	[]	[12.570299]	[100]	[]	[200640974]
876_5514	chr1	212438871	212439271	+	1000	56.0	[]	[]	[12.570299]	[157]	[]	[212439074]
876_5515	chr1	229179028	229179428	+	827	56.0	[]	[]	[12.570299, 7.553737]	[107, 120]	[]	[229179234, 229179247]
876_552	chr19	8086065	8086465	+	1000	190.0	[]	[]	[8.361351]	[117]	[]	[8086269]
876_5521	chr11	14520598	14520998	+	1000	56.0	[]	[]	[9.252844]	[153]	[]	[14520821]
876_5523	chr11	86416515	86416915	+	1000	56.0	[]	[]	[10.2047415, 8.009179]	[85, 96]	[]	[86416700, 86416711]
876_5524	chr11	118717712	118718112	+	1000	56.0	[7.553737, 12.570299]	[107, 120]	[]	[]	[118717919, 118717932]	[]
876_5533	chr15	48925859	48926259	+	1000	56.0	[]	[]	[8.361351]	[117]	[]	[48926063]
876_5535	chr15	65970875	65971275	+	1000	56.0	[9.252844, 12.570299]	[96, 138]	[]	[]	[65971031, 65971073]	[]
876_5537	chr16	23640073	23640473	+	1000	56.0	[]	[]	[12.570299]	[52]	[]	[23640225]
876_5539	chr16	59355761	59356161	+	916	56.0	[9.53014]	[117]	[]	[]	[59355959]	[]
876_554	chr22	39967440	39967840	+	1000	190.0	[8.361351]	[115]	[]	[]	[39967645]	[]
876_5544	chr18	53511684	53512084	+	1000	56.0	[12.570299]	[180]	[]	[]	[53511921]	[]
876_5545	chr19	18364979	18365379	+	1000	56.0	[8.264141]	[114]	[]	[]	[18365137]	[]
876_555	chr3	15186936	15187336	+	1000	190.0	[12.570299]	[105]	[]	[]	[15187134]	[]
876_5550	chr2	151307832	151308232	+	1000	56.0	[]	[]	[12.570299]	[105]	[]	[151308008]
876_5558	chr22	22676338	22676738	+	1000	56.0	[7.578352]	[170]	[]	[]	[22676575]	[]
876_5560	chr22	22974574	22974974	+	1000	56.0	[]	[]	[12.570299]	[132]	[]	[22974804]
876_5561	chr22	23140405	23140805	+	1000	56.0	[]	[]	[7.7748694]	[79]	[]	[23140567]
876_5562	chr22	23174378	23174778	+	1000	56.0	[7.677661, 8.361351]	[116, 128]	[]	[]	[23174593, 23174605]	[]
876_5563	chr22	24360747	24361147	+	1000	56.0	[]	[]	[12.570299]	[113]	[]	[24360953]
876_5572	chr3	172844421	172844821	+	1000	56.0	[]	[]	[8.361351]	[97]	[]	[172844614]
876_5576	chr4	114616079	114616479	+	1000	56.0	[]	[]	[12.570299]	[94]	[]	[114616272]
876_5577	chr5	32760027	32760427	+	1000	56.0	[12.570299]	[110]	[]	[]	[32760221]	[]
876_5580	chr5	147804974	147805374	+	1000	56.0	[7.764176]	[145]	[7.764176]	[144]	[147805205]	[147805204]
876_5585	chr6	27824496	27824896	+	1000	56.0	[9.252844]	[119]	[12.570299]	[94]	[27824698]	[27824673]
876_559	chr10	84280243	84280643	+	1000	189.5	[12.570299]	[93]	[]	[]	[84280436]	[]
876_5590	chr6	100657689	100658089	+	1000	56.0	[10.2047415]	[121]	[]	[]	[100657896]	[]
876_5592	chr6	150078732	150079132	+	1000	56.0	[]	[]	[8.361351]	[163]	[]	[150078972]
876_5595	chr7	32657896	32658296	+	1000	56.0	[12.570299]	[93]	[]	[]	[32658081]	[]
876_5596	chr7	72919741	72920141	+	1000	56.0	[10.2047415]	[92]	[]	[]	[72919932]	[]
876_5597	chr7	106217249	106217649	+	1000	56.0	[9.252844]	[75]	[8.361351]	[137]	[106217402]	[106217464]
876_5599	chr7	143259775	143260175	+	1000	56.0	[12.570299]	[97]	[]	[]	[143259955]	[]
876_560	chr11	96487307	96487707	+	1000	189.5	[12.570299]	[120]	[]	[]	[96487511]	[]
876_5603	chr8	124165526	124165926	+	1000	56.0	[]	[]	[8.182752]	[171]	[]	[124165773]
876_5605	chr9	130855502	130855902	+	1000	56.0	[7.764176]	[202]	[]	[]	[130855725]	[]
876_5611	chr1	39189430	39189830	+	1000	55.5	[]	[]	[12.570299]	[111]	[]	[39189610]
876_5616	chr1	173474342	173474742	+	1000	55.5	[]	[]	[8.361351]	[167]	[]	[173474589]
876_562	chr1	46053755	46054155	+	1000	188.5	[]	[]	[12.570299]	[119]	[]	[46053964]
876_5621	chr10	70814083	70814483	+	1000	55.5	[]	[]	[12.570299]	[107]	[]	[70814282]
876_5625	chr12	5290328	5290728	+	1000	55.5	[]	[]	[12.570299]	[104]	[]	[5290495]
876_5627	chr12	91634480	91634880	+	1000	55.5	[10.2047415]	[139]	[]	[]	[91634703]	[]
876_5631	chr14	53279117	53279517	+	1000	55.5	[]	[]	[12.570299]	[99]	[]	[53279315]
876_5633	chr14	103528816	103529216	+	1000	55.5	[12.570299]	[139]	[]	[]	[103529036]	[]
876_5634	chr15	56737448	56737848	+	1000	55.5	[8.361351]	[114]	[]	[]	[56737660]	[]
876_5644	chr18	74480110	74480510	+	1000	55.5	[10.2047415]	[178]	[]	[]	[74480344]	[]
876_5649	chr20	35344224	35344624	+	1000	55.5	[8.361351]	[137]	[]	[]	[35344450]	[]
876_5650	chr20	50110964	50111364	+	1000	55.5	[10.2047415, 9.53014]	[80, 95]	[]	[]	[50111125, 50111140]	[]
876_5651	chr20	50383126	50383526	+	1000	55.5	[8.361351]	[130]	[]	[]	[50383338]	[]
876_5654	chr21	32569760	32570160	+	1000	55.5	[]	[]	[12.570299, 12.570299]	[111, 179]	[]	[32569939, 32570007]
876_5655	chr21	42449968	42450368	+	1000	55.5	[]	[]	[8.361351]	[149]	[]	[42450189]
876_5657	chr22	22751730	22752130	+	1000	55.5	[]	[]	[8.182752]	[145]	[]	[22751960]
876_5661	chr3	42001650	42002050	+	1000	55.5	[]	[]	[8.84223]	[154]	[]	[42001869]
876_5666	chr3	179089482	179089882	+	1000	55.5	[]	[]	[9.53014]	[73]	[]	[179089648]
876_5667	chr4	15650167	15650567	+	1000	55.5	[]	[]	[10.2047415]	[144]	[]	[15650401]
876_5670	chr4	127067957	127068357	+	1000	55.5	[]	[]	[12.570299]	[96]	[]	[127068128]
876_5672	chr5	64939723	64940123	+	1000	55.5	[]	[]	[12.570299]	[96]	[]	[64939905]
876_5675	chr5	138748696	138749096	+	1000	55.5	[]	[]	[7.553737]	[94]	[]	[138748889]
876_5676	chr5	149079894	149080294	+	1000	55.5	[7.578352]	[104]	[8.84223]	[54]	[149080096]	[149080046]
876_5677	chr6	26327599	26327999	+	1000	55.5	[7.764176, 7.553737]	[55, 148]	[]	[]	[26327753, 26327846]	[]
876_5678	chr6	36875651	36876051	+	1000	55.5	[8.361351]	[126]	[]	[]	[36875875]	[]
876_5680	chr6	100948772	100949172	+	1000	55.5	[7.677661]	[181]	[12.570299]	[163]	[100949018]	[100949000]
876_5683	chr7	4739109	4739509	+	1000	55.5	[8.84223]	[123]	[]	[]	[4739319]	[]
876_5686	chr8	79906864	79907264	+	1000	55.5	[]	[]	[8.361351]	[112]	[]	[79907074]
876_5687	chr8	100463580	100463980	+	1000	55.5	[]	[]	[8.361351]	[114]	[]	[100463764]
876_5689	chr9	84343225	84343625	+	1000	55.5	[7.677661]	[137]	[7.677661]	[136]	[84343456]	[84343455]
876_569	chr10	67699895	67700295	+	1000	188.0	[12.570299]	[111]	[]	[]	[67700103]	[]
876_5690	chr9	113369063	113369463	+	1000	55.5	[8.264141]	[139]	[]	[]	[113369282]	[]
876_5692	chr9	130738455	130738855	+	1000	55.5	[]	[]	[9.53014]	[194]	[]	[130738669]
876_5694	chr9	130811056	130811456	+	1000	55.5	[9.53014]	[174]	[]	[]	[130811292]	[]
876_5705	chr1	22303829	22304229	+	1000	55.0	[8.009179]	[93]	[]	[]	[22304022]	[]
876_5707	chr1	28153132	28153532	+	1000	55.0	[]	[]	[10.2047415]	[103]	[]	[28153335]
876_5709	chr1	39117186	39117586	+	1000	55.0	[]	[]	[9.53014]	[69]	[]	[39117338]
876_5712	chr1	67902776	67903176	+	1000	55.0	[7.553737]	[129]	[]	[]	[67902993]	[]
876_5719	chr1	207635653	207636053	+	1000	55.0	[]	[]	[8.84223]	[118]	[]	[207635862]
876_5720	chr1	212457792	212458192	+	1000	55.0	[]	[]	[12.570299]	[109]	[]	[212457996]
876_5727	chr11	47118926	47119326	+	1000	55.0	[]	[]	[12.570299]	[112]	[]	[47119136]
876_5728	chr11	62669032	62669432	+	1000	55.0	[]	[]	[12.570299]	[116]	[]	[62669239]
876_5731	chr13	36013603	36014003	+	1000	55.0	[]	[]	[12.570299]	[107]	[]	[36013780]
876_5732	chr13	51922025	51922425	+	1000	55.0	[9.53014]	[115]	[9.53014]	[151]	[51922235]	[51922271]
876_5737	chr14	24526213	24526613	+	1000	55.0	[12.570299]	[125]	[]	[]	[24526418]	[]
876_5738	chr14	88727014	88727414	+	1000	55.0	[8.361351]	[106]	[]	[]	[88727208]	[]
876_5739	chr15	92745909	92746309	+	1000	55.0	[]	[]	[10.2047415, 7.553737, 8.361351]	[70, 78, 128]	[]	[92746072, 92746080, 92746130]
876_5743	chr17	39153155	39153555	+	1000	55.0	[7.5891633]	[72]	[]	[]	[39153320]	[]
876_5746	chr2	55167213	55167613	+	1000	55.0	[]	[]	[12.570299]	[116]	[]	[55167424]
876_5747	chr2	68565863	68566263	+	1000	55.0	[]	[]	[10.2047415]	[70]	[]	[68566029]
876_575	chr1	111660735	111661135	+	1000	187.0	[]	[]	[12.570299]	[102]	[]	[111660934]
876_5750	chr2	151638619	151639019	+	1000	55.0	[]	[]	[10.2047415]	[113]	[]	[151638778]
876_5753	chr2	176931816	176932216	+	1000	55.0	[8.361351]	[92]	[]	[]	[176932001]	[]
876_5755	chr22	19478292	19478692	+	1000	55.0	[]	[]	[8.84223]	[81]	[]	[19478456]
876_5765	chr22	22925734	22926134	+	1000	55.0	[]	[]	[9.53014]	[111]	[]	[22925925]
876_5766	chr22	23133025	23133425	+	1000	55.0	[8.264141, 10.2047415, 9.53014]	[171, 196, 215]	[7.677661]	[180]	[23133225, 23133250, 23133269]	[23133234]
876_5768	chr3	156812492	156812892	+	1000	55.0	[8.361351]	[147]	[]	[]	[156812723]	[]
876_5769	chr3	170798611	170799011	+	1000	55.0	[10.2047415]	[126]	[]	[]	[170798828]	[]
876_5771	chr3	187264038	187264438	+	1000	55.0	[12.570299]	[125]	[]	[]	[187264250]	[]
876_5773	chr4	46081558	46081958	+	1000	55.0	[8.361351]	[123]	[]	[]	[46081772]	[]
876_5774	chr4	54064330	54064730	+	1000	55.0	[8.361351]	[113]	[]	[]	[54064525]	[]
876_5775	chr4	68581698	68582098	+	1000	55.0	[8.361351]	[82]	[]	[]	[68581875]	[]
876_5776	chr4	83679293	83679693	+	1000	55.0	[]	[]	[10.2047415]	[92]	[]	[83679478]
876_5779	chr5	38803190	38803590	+	1000	55.0	[9.252844]	[103]	[12.570299]	[123]	[38803387]	[38803407]
876_578	chr20	53623540	53623940	+	1000	186.5	[]	[]	[10.2047415]	[106]	[]	[53623745]
876_5781	chr5	112548191	112548591	+	1000	55.0	[8.182752]	[75]	[]	[]	[112548355]	[]
876_5782	chr5	150504301	150504701	+	1000	55.0	[]	[]	[7.676677]	[169]	[]	[150504541]
876_5783	chr6	4436174	4436574	+	1000	55.0	[8.84223]	[66]	[]	[]	[4436334]	[]
876_5787	chr6	26215589	26215989	+	1000	55.0	[]	[]	[7.764176]	[169]	[]	[26215801]
876_579	chr6	158848454	158848854	+	1000	186.5	[]	[]	[10.2047415]	[102]	[]	[158848654]
876_5793	chr6	135259028	135259428	+	1000	55.0	[8.182752]	[154]	[]	[]	[135259254]	[]
876_5797	chr7	104963872	104964272	+	1000	55.0	[]	[]	[12.570299]	[134]	[]	[104964092]
876_5798	chr7	111459379	111459779	+	1000	55.0	[12.570299]	[110]	[10.2047415]	[86]	[111459568]	[111459544]
876_5799	chr7	117858737	117859137	+	1000	55.0	[12.570299]	[98]	[]	[]	[117858915]	[]
876_58	chr5	34245908	34246308	+	1000	548.5	[]	[]	[8.361351]	[124]	[]	[34246122]
876_5805	chr9	100637751	100638151	+	1000	55.0	[]	[]	[12.570299]	[118]	[]	[100637954]
876_5806	chr9	107251964	107252364	+	1000	55.0	[]	[]	[9.252844]	[145]	[]	[107252209]
876_5807	chr9	124964626	124965026	+	1000	55.0	[]	[]	[9.53014]	[126]	[]	[124964839]
876_5808	chr9	130735506	130735906	+	1000	55.0	[9.53014]	[162]	[]	[]	[130735744]	[]
876_581	chr16	20704298	20704698	+	1000	186.0	[8.361351]	[123]	[]	[]	[20704520]	[]
876_5814	chrUn_KI270757v1	65609	66009	+	1000	55.0	[]	[]	[7.7748694]	[167]	[]	[65820]
876_5815	chrX	75086627	75087027	+	1000	55.0	[8.182752]	[59]	[]	[]	[75086785]	[]
876_5818	chr1	59346484	59346884	+	1000	54.5	[7.676677]	[123]	[9.53014]	[99]	[59346688]	[59346664]
876_5819	chr1	75832829	75833229	+	1000	54.5	[]	[]	[12.570299]	[121]	[]	[75833019]
876_5820	chr1	90959616	90960016	+	1000	54.5	[10.2047415]	[113]	[]	[]	[90959810]	[]
876_5824	chr1	192702198	192702598	+	1000	54.5	[]	[]	[10.2047415]	[115]	[]	[192702394]
876_5825	chr1	198187966	198188366	+	1000	54.5	[]	[]	[8.182752]	[143]	[]	[198188195]
876_5826	chr1	203316843	203317243	+	1000	54.5	[8.264141]	[96]	[]	[]	[203317026]	[]
876_5829	chr1	234355793	234356193	+	1000	54.5	[12.570299]	[140]	[]	[]	[234356031]	[]
876_583	chr19	32997042	32997442	+	1000	186.0	[]	[]	[10.2047415]	[130]	[]	[32997263]
876_5831	chr10	6928302	6928702	+	1000	54.5	[9.252844]	[85]	[]	[]	[6928482]	[]
876_5832	chr10	45408787	45409187	+	1000	54.5	[12.570299]	[192]	[]	[]	[45409035]	[]
876_5833	chr11	9823898	9824298	+	1000	54.5	[10.2047415]	[132]	[]	[]	[9824127]	[]
876_5834	chr11	12120035	12120435	+	1000	54.5	[]	[]	[8.361351]	[133]	[]	[12120246]
876_5838	chr11	92082690	92083090	+	1000	54.5	[8.84223, 10.2047415]	[95, 115]	[]	[]	[92082878, 92082898]	[]
876_5839	chr11	117095767	117096167	+	1000	54.5	[9.53014, 12.570299]	[126, 146]	[8.84223]	[159]	[117095968, 117095988]	[117096001]
876_5840	chr11	117265721	117266121	+	1000	54.5	[12.570299]	[124]	[]	[]	[117265923]	[]
876_5841	chr12	67555271	67555671	+	1000	54.5	[]	[]	[12.570299]	[146]	[]	[67555498]
876_5843	chr12	89756591	89756991	+	1000	54.5	[8.264141]	[98]	[]	[]	[89756777]	[]
876_5846	chr13	64274563	64274963	+	1000	54.5	[7.764176]	[138]	[]	[]	[64274784]	[]
876_5847	chr13	107872658	107873058	+	1000	54.5	[7.764176]	[153]	[7.764176]	[152]	[107872856]	[107872855]
876_5853	chr16	75559686	75560086	+	1000	54.5	[]	[]	[12.570299]	[116]	[]	[75559884]
876_5857	chr17	59289968	59290368	+	1000	54.5	[12.570299, 9.53014]	[171, 200]	[]	[]	[59290187, 59290216]	[]
876_5862	chr2	47226154	47226554	+	1000	54.5	[]	[]	[10.2047415]	[72]	[]	[47226322]
876_5865	chr2	110811735	110812135	+	1000	54.5	[]	[]	[10.2047415]	[148]	[]	[110811981]
876_5867	chr2	139538302	139538702	+	1000	54.5	[]	[]	[12.570299]	[103]	[]	[139538499]
876_5868	chr2	155815815	155816215	+	1000	54.5	[12.570299]	[94]	[]	[]	[155816002]	[]
876_5873	chr22	19477637	19478037	+	1000	54.5	[]	[]	[8.009179]	[215]	[]	[19477869]
876_5874	chr22	20840776	20841176	+	1000	54.5	[8.361351]	[169]	[]	[]	[20841004]	[]
876_5876	chr22	22490834	22491234	+	1000	54.5	[]	[]	[8.361351]	[167]	[]	[22491083]
876_588	chr12	94152700	94153100	+	1000	185.5	[]	[]	[9.252844, 12.570299]	[109, 121]	[]	[94152896, 94152908]
876_5880	chr22	29342552	29342952	+	1000	54.5	[8.361351]	[103]	[]	[]	[29342746]	[]
876_5882	chr3	9786767	9787167	+	1000	54.5	[10.2047415]	[106]	[]	[]	[9786970]	[]
876_5883	chr3	10549853	10550253	+	1000	54.5	[8.361351]	[93]	[]	[]	[10550041]	[]
876_5887	chr3	152331915	152332315	+	1000	54.5	[]	[]	[9.53014]	[145]	[]	[152332140]
876_5889	chr4	65998658	65999058	+	1000	54.5	[]	[]	[12.570299]	[115]	[]	[65998839]
876_5890	chr4	77881863	77882263	+	1000	54.5	[]	[]	[12.570299]	[134]	[]	[77882076]
876_5891	chr4	172155925	172156325	+	1000	54.5	[12.570299]	[147]	[]	[]	[172156149]	[]
876_5893	chr5	36241902	36242302	+	1000	54.5	[]	[]	[9.53014]	[77]	[]	[36242076]
876_59	chr5	163379561	163379961	+	1000	547.5	[12.570299]	[94]	[]	[]	[163379755]	[]
876_590	chr17	39461049	39461449	+	1000	184.5	[]	[]	[8.84223]	[104]	[]	[39461234]
876_5900	chr6	15289457	15289857	+	1000	54.5	[8.361351]	[115]	[]	[]	[15289663]	[]
876_5905	chr6	152232769	152233169	+	1000	54.5	[9.252844]	[123]	[]	[]	[152232968]	[]
876_5906	chr6	157758407	157758807	+	1000	54.5	[8.182752]	[119]	[]	[]	[157758612]	[]
876_5907	chr7	12647589	12647989	+	1000	54.5	[]	[]	[9.53014]	[84]	[]	[12647747]
876_5910	chr7	123648148	123648548	+	1000	54.5	[]	[]	[8.84223]	[121]	[]	[123648363]
876_5912	chr7	142485604	142486004	+	1000	54.5	[]	[]	[9.252844]	[157]	[]	[142485818]
876_5913	chr8	8680199	8680599	+	1000	54.5	[12.570299]	[137]	[]	[]	[8680402]	[]
876_5914	chr8	23356035	23356435	+	1000	54.5	[]	[]	[12.570299]	[118]	[]	[23356223]
876_5918	chr9	95462621	95463021	+	1000	54.5	[7.5891633]	[151]	[]	[]	[95462850]	[]
876_592	chr1	11909537	11909937	+	1000	184.0	[10.2047415]	[116]	[]	[]	[11909752]	[]
876_5920	chr9	121133120	121133520	+	1000	54.5	[]	[]	[12.570299]	[117]	[]	[121133323]
876_5921	chr9	131220258	131220658	+	1000	54.5	[]	[]	[7.5891633]	[132]	[]	[131220453]
876_5929	chr1	31928704	31929104	+	1000	54.0	[8.361351]	[124]	[]	[]	[31928923]	[]
876_5939	chr1	211928995	211929395	+	1000	54.0	[]	[]	[12.570299]	[115]	[]	[211929187]
876_5941	chr1	234781108	234781508	+	1000	54.0	[]	[]	[10.2047415]	[142]	[]	[234781343]
876_5945	chr11	76371079	76371479	+	1000	54.0	[9.53014]	[108]	[12.570299]	[151]	[76371257]	[76371300]
876_5946	chr11	96311006	96311406	+	1000	54.0	[]	[]	[7.7748694, 12.570299]	[64, 91]	[]	[96311170, 96311197]
876_5948	chr12	72520020	72520420	+	1000	54.0	[]	[]	[12.570299]	[100]	[]	[72520193]
876_5951	chr12	117342676	117343076	+	1000	54.0	[8.361351]	[130]	[12.570299]	[115]	[117342904]	[117342889]
876_5953	chr13	95297648	95298048	+	1000	54.0	[10.2047415]	[106]	[]	[]	[95297851]	[]
876_5955	chr13	102670063	102670463	+	1000	54.0	[7.5891633]	[125]	[]	[]	[102670276]	[]
876_5963	chr17	27602698	27603098	+	1000	54.0	[]	[]	[8.361351]	[89]	[]	[27602885]
876_5964	chr17	39281052	39281452	+	1000	54.0	[]	[]	[12.570299]	[114]	[]	[39281257]
876_5966	chr18	12491846	12492246	+	1000	54.0	[]	[]	[7.7748694]	[150]	[]	[12492091]
876_5967	chr19	47663456	47663856	+	1000	54.0	[]	[]	[7.7748694, 7.578352]	[86, 107]	[]	[47663634, 47663655]
876_5971	chr2	127369971	127370371	+	1000	54.0	[]	[]	[8.361351]	[109]	[]	[127370159]
876_5972	chr2	158497487	158497887	+	1000	54.0	[]	[]	[9.252844]	[102]	[]	[158497662]
876_5976	chr22	19857385	19857785	+	1000	54.0	[9.252844]	[145]	[9.53014]	[164]	[19857600]	[19857619]
876_5977	chr22	20456127	20456527	+	1000	54.0	[12.570299]	[61]	[]	[]	[20456281]	[]
876_5979	chr22	45301975	45302375	+	1000	54.0	[10.2047415]	[153]	[]	[]	[45302211]	[]
876_598	chr2	190477545	190477945	+	1000	183.5	[12.570299]	[90]	[]	[]	[190477724]	[]
876_5982	chr3	39260812	39261212	+	1000	54.0	[10.2047415]	[106]	[]	[]	[39260991]	[]
876_5989	chr4	127655587	127655987	+	1000	54.0	[]	[]	[12.570299]	[88]	[]	[127655775]
876_599	chr8	25660275	25660675	+	1000	183.5	[]	[]	[12.570299]	[103]	[]	[25660476]
876_5998	chr5	96857930	96858330	+	1000	54.0	[]	[]	[7.578352, 8.361351]	[152, 176]	[]	[96858151, 96858175]
876_5999	chr5	122940819	122941219	+	1000	54.0	[12.570299]	[144]	[]	[]	[122941060]	[]
876_60	chr2	148501512	148501912	+	1000	544.0	[]	[]	[8.361351]	[98]	[]	[148501710]
876_6001	chr5	148806504	148806904	+	1000	54.0	[9.53014]	[202]	[]	[]	[148806730]	[]
876_6005	chr6	27241435	27241835	+	1000	54.0	[]	[]	[8.361351]	[148]	[]	[27241658]
876_6007	chr6	45116799	45117199	+	1000	54.0	[10.2047415]	[109]	[]	[]	[45116995]	[]
876_6008	chr6	52641708	52642108	+	1000	54.0	[]	[]	[8.361351]	[148]	[]	[52641925]
876_601	chr2	39216858	39217258	+	1000	182.5	[9.252844]	[128]	[]	[]	[39217070]	[]
876_6010	chr6	143940067	143940467	+	1000	54.0	[]	[]	[8.361351]	[101]	[]	[143940257]
876_6012	chr6	160510147	160510547	+	1000	54.0	[9.252844, 7.677661]	[88, 110]	[]	[]	[160510323, 160510345]	[]
876_6013	chr7	25568472	25568872	+	1000	54.0	[10.2047415, 8.182752]	[80, 119]	[]	[]	[25568635, 25568674]	[]
876_6017	chr7	106659931	106660331	+	1000	54.0	[12.570299]	[104]	[]	[]	[106660099]	[]
876_6018	chr7	123761690	123762090	+	1000	54.0	[9.252844]	[103]	[9.252844, 8.84223, 8.84223]	[100, 127, 160]	[123761878]	[123761875, 123761902, 123761935]
876_6021	chr7	152460499	152460899	+	1000	54.0	[12.570299]	[131]	[]	[]	[152460704]	[]
876_6022	chr8	94945360	94945760	+	1000	54.0	[]	[]	[8.361351]	[103]	[]	[94945560]
876_6024	chr8	110894762	110895162	+	1000	54.0	[12.570299]	[83]	[]	[]	[110894915]	[]
876_6025	chr8	127635323	127635723	+	1000	54.0	[8.182752]	[112]	[]	[]	[127635532]	[]
876_603	chr18	3699712	3700112	+	1000	181.5	[]	[]	[12.570299]	[102]	[]	[3699912]
876_6031	chrUn_GL000224v1	1306	1706	+	1000	54.0	[9.53014]	[171]	[]	[]	[1543]	[]
876_6033	chrX	38638874	38639274	+	1000	54.0	[]	[]	[9.53014]	[137]	[]	[38639106]
876_6037	chr1	31085202	31085602	+	1000	53.5	[12.570299]	[133]	[]	[]	[31085431]	[]
876_6039	chr1	111099192	111099592	+	1000	53.5	[]	[]	[12.570299]	[111]	[]	[111099386]
876_6043	chr1	167938075	167938475	+	1000	53.5	[12.570299]	[160]	[]	[]	[167938316]	[]
876_6045	chr1	174971302	174971702	+	1000	53.5	[10.2047415]	[138]	[]	[]	[174971534]	[]
876_6046	chr1	186304977	186305377	+	1000	53.5	[]	[]	[12.570299]	[148]	[]	[186305208]
876_6048	chr1	244323105	244323505	+	1000	53.5	[]	[]	[12.570299]	[164]	[]	[244323320]
876_6051	chr10	15878016	15878416	+	1000	53.5	[]	[]	[12.570299]	[93]	[]	[15878201]
876_6052	chr10	45411210	45411610	+	1000	53.5	[12.570299]	[180]	[8.264141]	[166]	[45411456]	[45411442]
876_6056	chr11	31811914	31812314	+	1000	53.5	[12.570299]	[99]	[9.252844]	[118]	[31812076]	[31812095]
876_6059	chr11	65382278	65382678	+	1000	53.5	[]	[]	[12.570299]	[190]	[]	[65382511]
876_6065	chr12	26868520	26868920	+	1000	53.5	[]	[]	[12.570299]	[116]	[]	[26868731]
876_6066	chr12	39978538	39978938	+	1000	53.5	[12.570299]	[142]	[]	[]	[39978778]	[]
876_607	chr6	111536942	111537342	+	1000	181.5	[]	[]	[12.570299]	[109]	[]	[111537146]
876_6076	chr15	40823553	40823953	+	1000	53.5	[]	[]	[9.252844]	[87]	[]	[40823740]
876_6078	chr15	78951933	78952333	+	1000	53.5	[12.570299]	[130]	[]	[]	[78952148]	[]
876_608	chr7	30548757	30549157	+	1000	181.5	[8.361351]	[111]	[]	[]	[30548967]	[]
876_6088	chr2	26067556	26067956	+	1000	53.5	[]	[]	[12.570299]	[80]	[]	[26067728]
876_609	chr7	106676503	106676903	+	1000	181.5	[]	[]	[12.570299, 9.53014]	[90, 109]	[]	[106676670, 106676689]
876_6090	chr2	39467851	39468251	+	1000	53.5	[]	[]	[12.570299, 7.5891633]	[79, 97]	[]	[39468030, 39468048]
876_6093	chr2	233219857	233220257	+	1000	53.5	[9.252844]	[122]	[9.252844]	[119]	[233220043]	[233220040]
876_6096	chr21	36320908	36321308	+	1000	53.5	[]	[]	[8.361351]	[111]	[]	[36321087]
876_6097	chr22	20499774	20500174	+	1000	53.5	[8.361351]	[108]	[]	[]	[20499981]	[]
876_6101	chr22	21838615	21839015	+	1000	53.5	[7.553737]	[174]	[]	[]	[21838844]	[]
876_6105	chr22	23201861	23202261	+	1000	53.5	[10.2047415]	[178]	[]	[]	[23202055]	[]
876_6106	chr3	6769485	6769885	+	1000	53.5	[]	[]	[12.570299]	[136]	[]	[6769690]
876_6107	chr3	45273743	45274143	+	1000	53.5	[8.009179]	[86]	[]	[]	[45273929]	[]
876_6109	chr3	151885314	151885714	+	1000	53.5	[12.570299]	[132]	[]	[]	[151885509]	[]
876_6110	chr3	170672816	170673216	+	1000	53.5	[8.009179, 8.264141]	[93, 183]	[9.53014, 10.2047415]	[101, 105]	[170672975, 170673065]	[170672983, 170672987]
876_6114	chr4	151511547	151511947	+	1000	53.5	[10.2047415]	[121]	[]	[]	[151511765]	[]
876_6117	chr5	159878866	159879266	+	1000	53.5	[]	[]	[8.361351]	[133]	[]	[159879086]
876_6119	chr6	7684007	7684407	+	711	53.5	[8.361351]	[141]	[]	[]	[7684218]	[]
876_6123	chr6	35183905	35184305	+	1000	53.5	[10.2047415]	[150]	[8.009179]	[114]	[35184152]	[35184116]
876_6125	chr6	100968956	100969356	+	1000	53.5	[12.570299]	[117]	[]	[]	[100969170]	[]
876_6127	chr6	157842139	157842539	+	1000	53.5	[]	[]	[8.361351]	[138]	[]	[157842364]
876_613	chr19	28558800	28559200	+	1000	181.0	[]	[]	[12.570299]	[87]	[]	[28558970]
876_6130	chr7	106545213	106545613	+	1000	53.5	[]	[]	[12.570299, 12.570299]	[61, 127]	[]	[106545372, 106545438]
876_6131	chr7	116931027	116931427	+	1000	53.5	[8.361351]	[141]	[]	[]	[116931247]	[]
876_6135	chr8	101003394	101003794	+	1000	53.5	[12.570299]	[79]	[]	[]	[101003570]	[]
876_6136	chr9	111900119	111900519	+	1000	53.5	[]	[]	[9.252844, 9.53014]	[132, 151]	[]	[111900328, 111900347]
876_6137	chr9	123304793	123305193	+	1000	53.5	[]	[]	[8.84223]	[228]	[]	[123305029]
876_614	chr3	195164635	195165035	+	1000	181.0	[12.570299]	[140]	[]	[]	[195164872]	[]
876_6140	chr9	130774065	130774465	+	1000	53.5	[]	[]	[7.7748694]	[142]	[]	[130774242]
876_6143	chr9	131121170	131121570	+	1000	53.5	[7.677661]	[98]	[]	[]	[131121367]	[]
876_6147	chr1	51433580	51433980	+	1000	53.0	[]	[]	[12.570299]	[80]	[]	[51433751]
876_6148	chr1	55321949	55322349	+	1000	53.0	[]	[]	[9.53014]	[83]	[]	[55322112]
876_615	chr3	183330926	183331326	+	1000	180.5	[]	[]	[12.570299]	[91]	[]	[183331114]
876_6150	chr1	84247288	84247688	+	1000	53.0	[]	[]	[12.570299]	[198]	[]	[84247520]
876_6151	chr1	89891362	89891762	+	1000	53.0	[]	[]	[9.53014]	[78]	[]	[89891533]
876_6152	chr1	95627201	95627601	+	1000	53.0	[9.53014]	[104]	[]	[]	[95627403]	[]
876_6157	chr1	193105396	193105796	+	1000	53.0	[12.570299]	[96]	[]	[]	[193105585]	[]
876_616	chr5	157288271	157288671	+	1000	180.5	[]	[]	[8.361351]	[107]	[]	[157288440]
876_6160	chr10	30553785	30554185	+	1000	53.0	[]	[]	[7.553737]	[69]	[]	[30553945]
876_6162	chr11	12769807	12770207	+	1000	53.0	[]	[]	[9.53014]	[144]	[]	[12770004]
876_6164	chr12	5244443	5244843	+	1000	53.0	[]	[]	[12.570299]	[105]	[]	[5244646]
876_6168	chr14	33812542	33812942	+	1000	53.0	[]	[]	[10.2047415]	[91]	[]	[33812730]
876_617	chr3	36925252	36925652	+	1000	180.0	[12.570299]	[133]	[]	[]	[36925466]	[]
876_6172	chr15	59689736	59690136	+	1000	53.0	[8.182752]	[114]	[]	[]	[59689936]	[]
876_6174	chr16	72072782	72073182	+	1000	53.0	[12.570299]	[102]	[]	[]	[72072977]	[]
876_6175	chr16	74608922	74609322	+	1000	53.0	[9.252844]	[123]	[]	[]	[74609118]	[]
876_6176	chr17	22977447	22977847	+	592	53.0	[8.182752]	[147]	[]	[]	[22977692]	[]
876_6177	chr17	31314186	31314586	+	1000	53.0	[]	[]	[12.570299]	[162]	[]	[31314409]
876_6179	chr17	65785092	65785492	+	1000	53.0	[12.570299]	[100]	[9.252844]	[151]	[65785274]	[65785325]
876_618	chr4	76058863	76059263	+	1000	180.0	[]	[]	[12.570299]	[113]	[]	[76059075]
876_6181	chr17	69047223	69047623	+	1000	53.0	[8.009179]	[195]	[]	[]	[69047446]	[]
876_6182	chr18	3596491	3596891	+	1000	53.0	[7.578352]	[81]	[]	[]	[3596649]	[]
876_6184	chr18	31738787	31739187	+	1000	53.0	[12.570299]	[104]	[]	[]	[31738981]	[]
876_6188	chr2	43725008	43725408	+	1000	53.0	[7.578352]	[103]	[]	[]	[43725196]	[]
876_6189	chr2	55140529	55140929	+	1000	53.0	[7.764176]	[122]	[]	[]	[55140730]	[]
876_619	chrX	130830594	130830994	+	1000	180.0	[10.2047415]	[115]	[]	[]	[130830804]	[]
876_6190	chr2	73907811	73908211	+	1000	53.0	[]	[]	[7.677661]	[97]	[]	[73908005]
876_6193	chr2	175062986	175063386	+	896	53.0	[]	[]	[12.570299]	[99]	[]	[175063179]
876_6195	chr2	187284134	187284534	+	1000	53.0	[]	[]	[8.361351]	[93]	[]	[187284323]
876_6196	chr2	190668886	190669286	+	1000	53.0	[]	[]	[8.361351]	[93]	[]	[190669072]
876_6197	chr2	218945004	218945404	+	1000	53.0	[12.570299]	[159]	[]	[]	[218945253]	[]
876_6198	chr20	5784671	5785071	+	1000	53.0	[]	[]	[10.2047415, 9.252844]	[109, 119]	[]	[5784854, 5784864]
876_62	chr5	10507497	10507897	+	1000	537.5	[]	[]	[12.570299]	[102]	[]	[10507681]
876_6201	chr21	37566785	37567185	+	1000	53.0	[]	[]	[12.570299]	[203]	[]	[37567034]
876_6206	chr22	21841356	21841756	+	1000	53.0	[8.361351]	[223]	[]	[]	[21841603]	[]
876_6209	chr22	21992551	21992951	+	1000	53.0	[7.5891633]	[124]	[]	[]	[21992745]	[]
876_621	chr7	23190945	23191345	+	1000	179.5	[12.570299]	[108]	[12.570299]	[70]	[23191146]	[23191108]
876_6210	chr22	22060340	22060740	+	1000	53.0	[]	[]	[9.252844]	[91]	[]	[22060494]
876_6216	chr3	16242149	16242549	+	631	53.0	[]	[]	[12.570299]	[107]	[]	[16242338]
876_6217	chr3	23945670	23946070	+	1000	53.0	[]	[]	[12.570299]	[106]	[]	[23945870]
876_6218	chr3	40565591	40565991	+	1000	53.0	[]	[]	[12.570299, 7.553737]	[92, 105]	[]	[40565776, 40565789]
876_6219	chr3	72953476	72953876	+	1000	53.0	[]	[]	[10.2047415]	[135]	[]	[72953693]
876_622	chr7	76108502	76108902	+	1000	179.5	[]	[]	[10.2047415]	[97]	[]	[76108693]
876_6221	chr3	170815381	170815781	+	1000	53.0	[]	[]	[12.570299]	[108]	[]	[170815586]
876_6222	chr3	177062371	177062771	+	1000	53.0	[12.570299]	[126]	[7.7748694]	[144]	[177062578]	[177062596]
876_6223	chr3	178988348	178988748	+	1000	53.0	[12.570299]	[85]	[]	[]	[178988533]	[]
876_6224	chr3	183361107	183361507	+	1000	53.0	[]	[]	[8.84223]	[105]	[]	[183361278]
876_6226	chr4	74096498	74096898	+	1000	53.0	[7.553737]	[102]	[]	[]	[74096655]	[]
876_623	chr1	186082315	186082715	+	1000	179.0	[]	[]	[8.361351]	[98]	[]	[186082513]
876_6233	chr5	172144284	172144684	+	1000	53.0	[8.361351]	[110]	[]	[]	[172144479]	[]
876_6236	chr6	31397915	31398315	+	1000	53.0	[]	[]	[8.361351]	[116]	[]	[31398122]
876_6240	chr7	22559852	22560252	+	1000	53.0	[8.361351]	[119]	[8.009179]	[77]	[22560051]	[22560009]
876_6241	chr7	28649875	28650275	+	1000	53.0	[9.252844]	[133]	[9.252844]	[130]	[28650079]	[28650076]
876_6248	chr8	110928662	110929062	+	1000	53.0	[]	[]	[8.361351]	[144]	[]	[110928880]
876_625	chr4	158902600	158903000	+	1000	179.0	[]	[]	[12.570299]	[80]	[]	[158902775]
876_6250	chr9	99499012	99499412	+	1000	53.0	[12.570299]	[100]	[]	[]	[99499209]	[]
876_6251	chr9	111892084	111892484	+	1000	53.0	[8.264141, 9.53014]	[111, 149]	[]	[]	[111892286, 111892324]	[]
876_6255	chr9	137482024	137482424	+	1000	53.0	[8.182752]	[82]	[12.570299]	[126]	[137482190]	[137482234]
876_6257	chrX	137080196	137080596	+	1000	53.0	[]	[]	[12.570299]	[105]	[]	[137080400]
876_6260	chr1	51660950	51661350	+	1000	52.5	[]	[]	[7.676677]	[140]	[]	[51661187]
876_6269	chr1	197939174	197939574	+	1000	52.5	[8.182752]	[169]	[]	[]	[197939396]	[]
876_627	chr11	95512610	95513010	+	1000	178.5	[12.570299]	[106]	[7.5891633]	[77]	[95512800]	[95512771]
876_6274	chr10	80493398	80493798	+	1000	52.5	[7.553737]	[146]	[]	[]	[80493605]	[]
876_6275	chr10	96677412	96677812	+	1000	52.5	[12.570299]	[141]	[]	[]	[96677646]	[]
876_6276	chr11	4175602	4176002	+	1000	52.5	[]	[]	[12.570299]	[102]	[]	[4175798]
876_6277	chr11	26965428	26965828	+	1000	52.5	[12.570299]	[56]	[]	[]	[26965583]	[]
876_6278	chr12	30847149	30847549	+	1000	52.5	[]	[]	[12.570299]	[95]	[]	[30847329]
876_6279	chr12	79045004	79045404	+	1000	52.5	[]	[]	[12.570299]	[106]	[]	[79045173]
876_6280	chr12	85317783	85318183	+	1000	52.5	[]	[]	[12.570299]	[111]	[]	[85317986]
876_6282	chr13	80152168	80152568	+	1000	52.5	[12.570299]	[111]	[]	[]	[80152370]	[]
876_6283	chr13	108006144	108006544	+	1000	52.5	[9.252844]	[86]	[]	[]	[108006330]	[]
876_6284	chr14	103314437	103314837	+	1000	52.5	[]	[]	[12.570299]	[148]	[]	[103314644]
876_6285	chr16	58451967	58452367	+	1000	52.5	[10.2047415]	[172]	[]	[]	[58452206]	[]
876_6288	chr18	35827560	35827960	+	1000	52.5	[]	[]	[8.361351]	[73]	[]	[35827724]
876_629	chr2	217289820	217290220	+	1000	178.5	[7.5891633]	[57]	[8.361351]	[91]	[217289976]	[217290010]
876_6291	chr2	13020452	13020852	+	1000	52.5	[8.361351]	[132]	[]	[]	[13020669]	[]
876_6292	chr2	30904424	30904824	+	1000	52.5	[12.570299]	[198]	[]	[]	[30904666]	[]
876_6293	chr2	37928312	37928712	+	1000	52.5	[]	[]	[10.2047415]	[121]	[]	[37928518]
876_6294	chr2	56025764	56026164	+	1000	52.5	[9.252844]	[128]	[]	[]	[56025988]	[]
876_6296	chr2	108360775	108361175	+	1000	52.5	[8.009179]	[58]	[12.570299]	[101]	[108360929]	[108360972]
876_6297	chr2	127898174	127898574	+	1000	52.5	[8.361351, 9.53014]	[138, 160]	[]	[]	[127898386, 127898408]	[]
876_63	chr17	78665932	78666332	+	1000	528.5	[]	[]	[8.361351]	[102]	[]	[78666132]
876_630	chr7	13092249	13092649	+	1000	178.5	[]	[]	[12.570299]	[112]	[]	[13092450]
876_6301	chr21	39317297	39317697	+	1000	52.5	[7.676677]	[207]	[]	[]	[39317535]	[]
876_6304	chr22	21003956	21004356	+	1000	52.5	[8.361351]	[147]	[]	[]	[21004111]	[]
876_6306	chr22	21619453	21619853	+	1000	52.5	[]	[]	[10.2047415]	[188]	[]	[21619699]
876_631	chr10	21194361	21194761	+	1000	178.0	[]	[]	[12.570299]	[103]	[]	[21194563]
876_6314	chr22	39145606	39146006	+	1000	52.5	[9.53014, 12.570299]	[74, 117]	[]	[]	[39145768, 39145811]	[]
876_632	chr11	78281509	78281909	+	1000	178.0	[12.570299]	[93]	[]	[]	[78281702]	[]
876_6320	chr3	150712289	150712689	+	1000	52.5	[12.570299]	[128]	[]	[]	[150712510]	[]
876_6323	chr4	3931970	3932370	+	1000	52.5	[]	[]	[12.570299, 7.553737]	[115, 128]	[]	[3932173, 3932186]
876_6325	chr4	122365006	122365406	+	1000	52.5	[12.570299]	[104]	[]	[]	[122365203]	[]
876_6329	chr5	86615753	86616153	+	1000	52.5	[7.578352]	[84]	[10.2047415]	[104]	[86615936]	[86615956]
876_6331	chr5	135894835	135895235	+	1000	52.5	[]	[]	[10.2047415]	[112]	[]	[135895028]
876_6332	chr6	15266488	15266888	+	1000	52.5	[8.84223]	[117]	[8.84223]	[114]	[15266697]	[15266694]
876_6334	chr6	33982988	33983388	+	1000	52.5	[12.570299]	[135]	[]	[]	[33983204]	[]
876_6336	chr6	135174096	135174496	+	1000	52.5	[12.570299]	[106]	[9.53014]	[117]	[135174292]	[135174303]
876_634	chr12	109461215	109461615	+	1000	177.5	[12.570299]	[120]	[]	[]	[109461427]	[]
876_6344	chr7	116212214	116212614	+	1000	52.5	[7.553737, 8.264141]	[68, 80]	[]	[]	[116212375, 116212387]	[]
876_6345	chr7	123643733	123644133	+	1000	52.5	[]	[]	[12.570299]	[94]	[]	[123643891]
876_6346	chr7	129007574	129007974	+	1000	52.5	[7.677661]	[108]	[]	[]	[129007755]	[]
876_6348	chr7	140275374	140275774	+	1000	52.5	[]	[]	[8.361351, 8.84223, 9.53014]	[87, 102, 152]	[]	[140275529, 140275544, 140275594]
876_635	chr16	4244430	4244830	+	1000	177.5	[12.570299]	[97]	[]	[]	[4244613]	[]
876_6352	chr8	60899747	60900147	+	624	52.5	[]	[]	[12.570299]	[88]	[]	[60899929]
876_6353	chr8	66430448	66430848	+	1000	52.5	[]	[]	[7.7748694]	[80]	[]	[66430600]
876_6355	chr8	129573030	129573430	+	1000	52.5	[10.2047415]	[149]	[]	[]	[129573272]	[]
876_6356	chr8	132676908	132677308	+	1000	52.5	[12.570299]	[89]	[7.5891633]	[153]	[132677090]	[132677154]
876_6357	chr9	518513	518913	+	1000	52.5	[]	[]	[12.570299]	[100]	[]	[518712]
876_6360	chr9	100140881	100141281	+	1000	52.5	[7.553737, 12.570299]	[88, 101]	[]	[]	[100141067, 100141080]	[]
876_6364	chr9	130799227	130799627	+	1000	52.5	[7.676677]	[198]	[8.264141]	[133]	[130799461]	[130799396]
876_6367	chrUn_GL000224v1	19464	19864	+	1000	52.5	[]	[]	[9.53014]	[125]	[]	[19623]
876_6372	chr1	25355757	25356157	+	1000	52.0	[]	[]	[8.361351]	[109]	[]	[25355966]
876_6374	chr1	43134143	43134543	+	1000	52.0	[]	[]	[9.53014]	[131]	[]	[43134361]
876_6376	chr1	117821746	117822146	+	1000	52.0	[]	[]	[12.570299]	[126]	[]	[117821959]
876_6381	chr1	172933800	172934200	+	1000	52.0	[9.252844]	[214]	[]	[]	[172934018]	[]
876_6387	chr1	234724512	234724912	+	1000	52.0	[9.53014]	[164]	[]	[]	[234724717]	[]
876_6388	chr1	241829360	241829760	+	1000	52.0	[10.2047415, 10.2047415]	[65, 115]	[]	[]	[241829519, 241829569]	[]
876_639	chr1	84583227	84583627	+	1000	177.0	[12.570299]	[97]	[]	[]	[84583419]	[]
876_6392	chr10	79452136	79452536	+	1000	52.0	[]	[]	[12.570299]	[146]	[]	[79452357]
876_6397	chr11	59566141	59566541	+	1000	52.0	[]	[]	[8.361351, 7.764176, 7.764176]	[99, 108, 128]	[]	[59566298, 59566307, 59566327]
876_640	chr11	59681118	59681518	+	1000	177.0	[]	[]	[8.361351]	[105]	[]	[59681321]
876_6402	chr12	2135654	2136054	+	1000	52.0	[]	[]	[12.570299]	[107]	[]	[2135859]
876_6403	chr12	25276580	25276980	+	1000	52.0	[8.182752, 8.264141]	[96, 124]	[12.570299]	[112]	[25276771, 25276799]	[25276787]
876_6406	chr12	108265555	108265955	+	1000	52.0	[]	[]	[8.009179, 12.570299]	[78, 88]	[]	[108265719, 108265729]
876_641	chr18	21735544	21735944	+	1000	177.0	[12.570299]	[101]	[]	[]	[21735743]	[]
876_6410	chr13	92477718	92478118	+	1000	52.0	[8.264141, 8.264141]	[150, 215]	[]	[]	[92477876, 92477941]	[]
876_6411	chr13	100698336	100698736	+	1000	52.0	[12.570299]	[154]	[]	[]	[100698562]	[]
876_6415	chr15	42286437	42286837	+	1000	52.0	[]	[]	[12.570299]	[96]	[]	[42286627]
876_6416	chr15	44812116	44812516	+	1000	52.0	[]	[]	[12.570299]	[89]	[]	[44812288]
876_642	chr3	186109030	186109430	+	1000	177.0	[]	[]	[12.570299]	[107]	[]	[186109231]
876_6420	chr16	47774696	47775096	+	1000	52.0	[]	[]	[12.570299]	[93]	[]	[47774882]
876_6421	chr17	7097987	7098387	+	1000	52.0	[7.578352]	[93]	[]	[]	[7098157]	[]
876_6422	chr17	66462897	66463297	+	1000	52.0	[]	[]	[12.570299]	[84]	[]	[66463079]
876_6425	chr18	2302797	2303197	+	1000	52.0	[10.2047415]	[132]	[]	[]	[2303000]	[]
876_6427	chr18	57776629	57777029	+	1000	52.0	[8.361351]	[123]	[]	[]	[57776839]	[]
876_6428	chr19	4247511	4247911	+	1000	52.0	[]	[]	[7.7748694]	[105]	[]	[4247706]
876_6429	chr2	16614167	16614567	+	1000	52.0	[]	[]	[8.182752]	[71]	[]	[16614335]
876_643	chr6	3139168	3139568	+	1000	177.0	[8.84223]	[73]	[8.84223, 8.361351]	[70, 109]	[3139339]	[3139336, 3139375]
876_6430	chr2	55842013	55842413	+	1000	52.0	[]	[]	[12.570299]	[108]	[]	[55842202]
876_6431	chr2	120251710	120252110	+	1000	52.0	[7.677661]	[289]	[]	[]	[120251934]	[]
876_6434	chr2	168797254	168797654	+	1000	52.0	[9.53014]	[101]	[]	[]	[168797423]	[]
876_6435	chr2	169135747	169136147	+	1000	52.0	[10.2047415]	[173]	[7.553737]	[91]	[169135984]	[169135902]
876_6437	chr2	191599422	191599822	+	1000	52.0	[9.53014]	[110]	[]	[]	[191599624]	[]
876_6438	chr20	50434701	50435101	+	1000	52.0	[]	[]	[12.570299]	[124]	[]	[50434921]
876_6439	chr20	55094233	55094633	+	1000	52.0	[]	[]	[12.570299]	[100]	[]	[55094429]
876_644	chr19	54209875	54210275	+	1000	176.5	[]	[]	[9.53014, 7.578352]	[107, 118]	[]	[54210082, 54210093]
876_6446	chr22	22027865	22028265	+	1000	52.0	[9.53014]	[88]	[]	[]	[22028040]	[]
876_6448	chr22	22968916	22969316	+	1000	52.0	[8.009179]	[55]	[]	[]	[22969069]	[]
876_645	chr3	182426367	182426767	+	1000	176.5	[12.570299]	[92]	[]	[]	[182426559]	[]
876_6452	chr22	35064549	35064949	+	1000	52.0	[8.361351]	[103]	[]	[]	[35064746]	[]
876_6455	chr3	129399590	129399990	+	1000	52.0	[10.2047415]	[112]	[]	[]	[129399801]	[]
876_6456	chr3	183988081	183988481	+	1000	52.0	[8.264141]	[119]	[]	[]	[183988260]	[]
876_6457	chr3	184911596	184911996	+	1000	52.0	[8.361351]	[172]	[]	[]	[184911830]	[]
876_6459	chr4	14866542	14866942	+	1000	52.0	[]	[]	[9.252844, 12.570299]	[68, 151]	[]	[14866704, 14866787]
876_646	chr3	184793638	184794038	+	1000	176.5	[7.677661]	[79]	[8.009179]	[122]	[184793811]	[184793854]
876_6460	chr4	56387011	56387411	+	1000	52.0	[9.252844]	[110]	[]	[]	[56387181]	[]
876_6465	chr5	126520325	126520725	+	1000	52.0	[]	[]	[10.2047415]	[131]	[]	[126520545]
876_6466	chr5	159464025	159464425	+	1000	52.0	[10.2047415]	[104]	[]	[]	[159464187]	[]
876_647	chr7	123594760	123595160	+	1000	176.5	[]	[]	[12.570299]	[107]	[]	[123594966]
876_6471	chr6	26537851	26538251	+	1000	52.0	[]	[]	[10.2047415]	[109]	[]	[26538024]
876_6472	chr6	28563503	28563903	+	1000	52.0	[12.570299]	[168]	[]	[]	[28563737]	[]
876_6478	chr6	114975753	114976153	+	1000	52.0	[]	[]	[12.570299]	[99]	[]	[114975929]
876_6479	chr6	129679455	129679855	+	1000	52.0	[12.570299]	[116]	[]	[]	[129679655]	[]
876_648	chr1	38969065	38969465	+	1000	176.0	[7.578352]	[79]	[12.570299]	[102]	[38969232]	[38969255]
876_6480	chr6	136611230	136611630	+	1000	52.0	[]	[]	[8.361351]	[164]	[]	[136611443]
876_6482	chr7	12475260	12475660	+	1000	52.0	[]	[]	[8.361351]	[117]	[]	[12475468]
876_6484	chr7	103135343	103135743	+	1000	52.0	[7.677661]	[75]	[7.677661]	[74]	[103135509]	[103135508]
876_6485	chr7	123757055	123757455	+	1000	52.0	[]	[]	[8.361351]	[89]	[]	[123757238]
876_6489	chr7	157490407	157490807	+	1000	52.0	[]	[]	[8.84223]	[110]	[]	[157490582]
876_649	chr12	7907081	7907481	+	1000	176.0	[]	[]	[10.2047415]	[106]	[]	[7907286]
876_6490	chr8	15572917	15573317	+	1000	52.0	[7.7748694]	[59]	[]	[]	[15573072]	[]
876_6491	chr8	22915376	22915776	+	1000	52.0	[]	[]	[10.2047415]	[133]	[]	[22915600]
876_6492	chr8	53750987	53751387	+	1000	52.0	[12.570299]	[97]	[]	[]	[53751179]	[]
876_6493	chr8	90164395	90164795	+	1000	52.0	[9.252844]	[131]	[9.252844]	[128]	[90164606]	[90164603]
876_6494	chr9	36301232	36301632	+	1000	52.0	[]	[]	[12.570299]	[116]	[]	[36301415]
876_6496	chr9	97084642	97085042	+	1000	52.0	[]	[]	[8.264141]	[141]	[]	[97084869]
876_6498	chr9	129491526	129491926	+	1000	52.0	[9.53014]	[173]	[]	[]	[129491766]	[]
876_6503	chrX	75188373	75188773	+	1000	52.0	[]	[]	[12.570299]	[124]	[]	[75188575]
876_6507	chr1	110962065	110962465	+	1000	51.5	[9.252844]	[181]	[]	[]	[110962252]	[]
876_6509	chr1	147084520	147084920	+	1000	51.5	[12.570299]	[107]	[]	[]	[147084724]	[]
876_6510	chr1	160658097	160658497	+	1000	51.5	[10.2047415]	[85]	[8.182752]	[158]	[160658249]	[160658322]
876_6514	chr1	181905906	181906306	+	1000	51.5	[7.553737]	[104]	[9.53014]	[111]	[181906103]	[181906110]
876_6519	chr1	231073332	231073732	+	1000	51.5	[7.676677]	[72]	[]	[]	[231073490]	[]
876_652	chr3	141703370	141703770	+	1000	176.0	[8.009179]	[76]	[12.570299]	[119]	[141703541]	[141703584]
876_6520	chr1	234558374	234558774	+	1000	51.5	[9.252844]	[87]	[]	[]	[234558549]	[]
876_6523	chr10	74055988	74056388	+	1000	51.5	[7.677661]	[146]	[8.182752]	[126]	[74056228]	[74056208]
876_6524	chr10	119784707	119785107	+	1000	51.5	[10.2047415]	[107]	[]	[]	[119784913]	[]
876_6526	chr11	36453642	36454042	+	1000	51.5	[12.570299]	[143]	[]	[]	[36453857]	[]
876_6527	chr11	62653284	62653684	+	1000	51.5	[7.553737]	[155]	[]	[]	[62653524]	[]
876_6528	chr11	65479207	65479607	+	1000	51.5	[7.764176]	[76]	[12.570299, 7.553737]	[119, 159]	[65479374]	[65479417, 65479457]
876_6536	chr12	102383546	102383946	+	1000	51.5	[12.570299]	[100]	[8.009179]	[143]	[102383725]	[102383768]
876_6538	chr13	91546848	91547248	+	1000	51.5	[12.570299]	[200]	[]	[]	[91547097]	[]
876_6542	chr14	71339669	71340069	+	1000	51.5	[9.53014]	[82]	[]	[]	[71339841]	[]
876_6543	chr14	95523104	95523504	+	1000	51.5	[12.570299]	[187]	[]	[]	[95523338]	[]
876_6545	chr15	63551438	63551838	+	1000	51.5	[]	[]	[12.570299]	[106]	[]	[63551613]
876_6547	chr15	82287128	82287528	+	1000	51.5	[8.182752]	[132]	[]	[]	[82287326]	[]
876_6551	chr18	31808949	31809349	+	1000	51.5	[]	[]	[12.570299, 7.553737]	[121, 134]	[]	[31809160, 31809173]
876_6552	chr19	32787444	32787844	+	1000	51.5	[]	[]	[12.570299]	[93]	[]	[32787603]
876_6553	chr2	29042735	29043135	+	1000	51.5	[]	[]	[12.570299]	[128]	[]	[29042949]
876_656	chr1	185892680	185893080	+	1000	175.5	[]	[]	[12.570299]	[91]	[]	[185892863]
876_6560	chr22	20453225	20453625	+	1000	51.5	[]	[]	[10.2047415]	[142]	[]	[20453467]
876_6570	chr3	184742305	184742705	+	1000	51.5	[]	[]	[10.2047415]	[98]	[]	[184742491]
876_6577	chr5	103114405	103114805	+	1000	51.5	[9.252844]	[101]	[]	[]	[103114567]	[]
876_6578	chr5	153978962	153979362	+	1000	51.5	[]	[]	[8.361351]	[138]	[]	[153979191]
876_6579	chr5	170224407	170224807	+	1000	51.5	[]	[]	[12.570299]	[112]	[]	[170224614]
876_658	chr3	128829926	128830326	+	1000	175.5	[7.553737, 12.570299]	[103, 116]	[]	[]	[128830124, 128830137]	[]
876_6586	chr6	104402628	104403028	+	1000	51.5	[]	[]	[8.84223]	[70]	[]	[104402794]
876_6589	chr6	136604914	136605314	+	1000	51.5	[]	[]	[12.570299]	[99]	[]	[136605102]
876_6593	chr7	29795762	29796162	+	1000	51.5	[12.570299]	[127]	[]	[]	[29795983]	[]
876_660	chr12	89678238	89678638	+	1000	175.0	[]	[]	[10.2047415]	[109]	[]	[89678445]
876_6602	chr9	19557352	19557752	+	1000	51.5	[]	[]	[8.361351]	[95]	[]	[19557545]
876_6603	chr9	112332825	112333225	+	1000	51.5	[12.570299]	[107]	[]	[]	[112333031]	[]
876_6605	chr9	128445726	128446126	+	1000	51.5	[10.2047415]	[106]	[]	[]	[128445930]	[]
876_6606	chr9	130764310	130764710	+	1000	51.5	[]	[]	[8.182752]	[114]	[]	[130764477]
876_6608	chr9	131084947	131085347	+	891	51.5	[]	[]	[8.182752]	[155]	[]	[131085169]
876_6610	chr9	131194379	131194779	+	1000	51.5	[8.009179]	[148]	[]	[]	[131194616]	[]
876_6614	chrX	148128860	148129260	+	1000	51.5	[]	[]	[12.570299]	[66]	[]	[148129016]
876_6615	chr1	2801551	2801951	+	1000	51.0	[8.361351]	[100]	[]	[]	[2801749]	[]
876_6616	chr1	50872265	50872665	+	1000	51.0	[12.570299]	[142]	[]	[]	[50872499]	[]
876_6621	chr1	146376799	146377199	+	1000	51.0	[]	[]	[7.7748694]	[156]	[]	[146377018]
876_6623	chr1	167634721	167635121	+	1000	51.0	[]	[]	[8.009179, 9.252844]	[133, 199]	[]	[167634901, 167634967]
876_6626	chr1	220337176	220337576	+	1000	51.0	[]	[]	[8.361351]	[93]	[]	[220337367]
876_663	chr6	119259014	119259414	+	1000	175.0	[12.570299]	[117]	[]	[]	[119259229]	[]
876_6637	chr12	56124026	56124426	+	1000	51.0	[8.84223]	[123]	[]	[]	[56124238]	[]
876_6639	chr12	108820079	108820479	+	1000	51.0	[]	[]	[8.361351]	[112]	[]	[108820284]
876_664	chr2	56142605	56143005	+	1000	174.5	[]	[]	[12.570299]	[105]	[]	[56142809]
876_6642	chr13	90664217	90664617	+	1000	51.0	[12.570299]	[183]	[]	[]	[90664453]	[]
876_6648	chr16	66524891	66525291	+	1000	51.0	[8.361351]	[87]	[]	[]	[66525070]	[]
876_6653	chr17	72978154	72978554	+	1000	51.0	[7.7748694]	[189]	[]	[]	[72978397]	[]
876_6655	chr18	1529075	1529475	+	1000	51.0	[]	[]	[12.570299]	[95]	[]	[1529267]
876_6658	chr18	12741270	12741670	+	1000	51.0	[]	[]	[8.84223, 8.361351]	[84, 122]	[]	[12741434, 12741472]
876_6663	chr2	84919835	84920235	+	1000	51.0	[7.677661]	[81]	[7.677661]	[80]	[84920009]	[84920008]
876_6669	chr2	183105433	183105833	+	1000	51.0	[]	[]	[7.5891633, 9.53014]	[82, 106]	[]	[183105595, 183105619]
876_667	chr8	132792509	132792909	+	1000	174.5	[12.570299]	[97]	[]	[]	[132792705]	[]
876_6679	chr22	22863393	22863793	+	1000	51.0	[8.182752, 12.570299]	[85, 133]	[10.2047415]	[95]	[22863569, 22863617]	[22863579]
876_6680	chr22	22954003	22954403	+	1000	51.0	[7.578352]	[130]	[]	[]	[22954202]	[]
876_6681	chr22	23015826	23016226	+	1000	51.0	[7.5891633]	[185]	[]	[]	[23016025]	[]
876_6683	chr22	37904746	37905146	+	1000	51.0	[]	[]	[12.570299]	[105]	[]	[37904942]
876_6684	chr3	11251252	11251652	+	1000	51.0	[12.570299]	[125]	[]	[]	[11251458]	[]
876_6685	chr3	24505082	24505482	+	1000	51.0	[]	[]	[9.53014, 10.2047415]	[70, 74]	[]	[24505233, 24505237]
876_6688	chr3	57783442	57783842	+	1000	51.0	[8.009179]	[88]	[8.84223]	[106]	[57783624]	[57783642]
876_6689	chr3	157130550	157130950	+	1000	51.0	[]	[]	[12.570299]	[123]	[]	[157130744]
876_669	chr4	78629294	78629694	+	1000	174.0	[]	[]	[12.570299]	[109]	[]	[78629500]
876_6691	chr3	169686872	169687272	+	1000	51.0	[]	[]	[7.578352, 8.361351]	[72, 111]	[]	[169687036, 169687075]
876_6695	chr5	108685675	108686075	+	1000	51.0	[]	[]	[12.570299]	[135]	[]	[108685888]
876_6696	chr6	663797	664197	+	1000	51.0	[8.009179]	[80]	[]	[]	[663974]	[]
876_6697	chr6	3172754	3173154	+	1000	51.0	[]	[]	[12.570299]	[121]	[]	[3172958]
876_6699	chr6	17907602	17908002	+	1000	51.0	[7.676677]	[66]	[]	[]	[17907766]	[]
876_67	chr7	139852960	139853360	+	1000	520.5	[]	[]	[8.361351]	[104]	[]	[139853154]
876_670	chr6	96631256	96631656	+	1000	174.0	[8.361351]	[113]	[]	[]	[96631464]	[]
876_6700	chr6	26319561	26319961	+	1000	51.0	[7.764176]	[115]	[]	[]	[26319746]	[]
876_6702	chr6	29910005	29910405	+	1000	51.0	[9.252844]	[118]	[9.252844]	[115]	[29910203]	[29910200]
876_6703	chr6	34859911	34860311	+	966	51.0	[10.2047415]	[116]	[]	[]	[34860120]	[]
876_6708	chr6	138393742	138394142	+	1000	51.0	[]	[]	[8.361351]	[112]	[]	[138393949]
876_671	chr7	141032874	141033274	+	1000	174.0	[12.570299]	[92]	[]	[]	[141033066]	[]
876_6710	chr7	77800273	77800673	+	1000	51.0	[12.570299, 7.677661]	[142, 155]	[]	[]	[77800497, 77800510]	[]
876_6711	chr7	91820725	91821125	+	1000	51.0	[7.677661]	[102]	[8.009179]	[145]	[91820904]	[91820947]
876_6719	chr8	26352138	26352538	+	1000	51.0	[12.570299]	[130]	[]	[]	[26352336]	[]
876_672	chr2	19306095	19306495	+	1000	173.5	[12.570299]	[125]	[]	[]	[19306307]	[]
876_6720	chr8	37144697	37145097	+	1000	51.0	[]	[]	[10.2047415, 8.361351]	[111, 150]	[]	[37144886, 37144925]
876_6721	chr8	60052135	60052535	+	1000	51.0	[]	[]	[8.009179]	[76]	[]	[60052295]
876_6722	chr8	85928046	85928446	+	1000	51.0	[10.2047415]	[149]	[]	[]	[85928293]	[]
876_6728	chr9	130762177	130762577	+	828	51.0	[10.2047415]	[129]	[9.53014]	[215]	[130762333]	[130762419]
876_6731	chr9	131183654	131184054	+	1000	51.0	[]	[]	[10.2047415]	[110]	[]	[131183838]
876_6733	chr9	133008826	133009226	+	873	51.0	[10.2047415]	[141]	[]	[]	[133009034]	[]
876_6737	chr1	21638461	21638861	+	812	50.5	[]	[]	[8.264141, 9.53014]	[98, 180]	[]	[21638613, 21638695]
876_674	chr2	191637755	191638155	+	1000	173.5	[7.7748694, 12.570299]	[129, 145]	[12.570299]	[88]	[191637969, 191637985]	[191637928]
876_6742	chr1	169346281	169346681	+	1000	50.5	[]	[]	[10.2047415]	[79]	[]	[169346456]
876_6743	chr1	207935144	207935544	+	1000	50.5	[]	[]	[7.5891633]	[136]	[]	[207935323]
876_6745	chr1	221970488	221970888	+	1000	50.5	[]	[]	[12.570299, 7.553737]	[109, 122]	[]	[221970697, 221970710]
876_6749	chr10	7233296	7233696	+	1000	50.5	[10.2047415]	[123]	[12.570299]	[91]	[7233504]	[7233472]
876_6752	chr11	47989968	47990368	+	1000	50.5	[10.2047415]	[154]	[]	[]	[47990213]	[]
876_6755	chr11	67605629	67606029	+	990	50.5	[12.570299]	[145]	[7.5891633]	[178]	[67605824]	[67605857]
876_6757	chr11	109940753	109941153	+	1000	50.5	[12.570299]	[105]	[]	[]	[109940958]	[]
876_676	chr3	45104350	45104750	+	1000	173.5	[]	[]	[8.009179]	[92]	[]	[45104540]
876_6761	chr12	55499788	55500188	+	1000	50.5	[9.252844]	[219]	[]	[]	[55500022]	[]
876_6764	chr13	44837225	44837625	+	1000	50.5	[8.264141]	[111]	[9.53014]	[118]	[44837434]	[44837441]
876_6765	chr14	22871058	22871458	+	1000	50.5	[12.570299]	[149]	[10.2047415]	[87]	[22871305]	[22871243]
876_6766	chr14	70475487	70475887	+	1000	50.5	[12.570299]	[103]	[]	[]	[70475672]	[]
876_6767	chr14	93177966	93178366	+	1000	50.5	[]	[]	[12.570299]	[107]	[]	[93178165]
876_6769	chr15	81098736	81099136	+	1000	50.5	[]	[]	[8.361351]	[105]	[]	[81098927]
876_6771	chr16	11613827	11614227	+	1000	50.5	[8.361351]	[102]	[]	[]	[11614026]	[]
876_6777	chr17	69070747	69071147	+	1000	50.5	[12.570299]	[142]	[]	[]	[69070958]	[]
876_6779	chr18	2659314	2659714	+	644	50.5	[]	[]	[8.361351]	[107]	[]	[2659517]
876_678	chr7	22667667	22668067	+	1000	173.5	[12.570299]	[112]	[]	[]	[22667872]	[]
876_6780	chr18	3213384	3213784	+	1000	50.5	[10.2047415]	[62]	[]	[]	[3213540]	[]
876_6784	chr2	20089661	20090061	+	1000	50.5	[7.676677]	[128]	[]	[]	[20089839]	[]
876_6788	chr2	134763999	134764399	+	1000	50.5	[8.182752]	[170]	[]	[]	[134764244]	[]
876_6790	chr2	168894176	168894576	+	1000	50.5	[10.2047415]	[69]	[]	[]	[168894342]	[]
876_6794	chr2	204354598	204354998	+	1000	50.5	[]	[]	[8.264141]	[116]	[]	[204354789]
876_6795	chr20	34703502	34703902	+	1000	50.5	[]	[]	[12.570299]	[92]	[]	[34703674]
876_6798	chr22	20398935	20399335	+	1000	50.5	[10.2047415]	[143]	[]	[]	[20399164]	[]
876_680	chr17	38983031	38983431	+	1000	173.0	[12.570299]	[110]	[]	[]	[38983233]	[]
876_6802	chr22	22691530	22691930	+	1000	50.5	[8.264141, 9.252844]	[110, 132]	[]	[]	[22691685, 22691707]	[]
876_6804	chr22	23014560	23014960	+	1000	50.5	[8.361351, 8.84223]	[181, 191]	[9.53014]	[209]	[23014756, 23014766]	[23014784]
876_6805	chr22	23197002	23197402	+	1000	50.5	[]	[]	[8.182752]	[118]	[]	[23197159]
876_6808	chr3	37945311	37945711	+	1000	50.5	[12.570299]	[116]	[]	[]	[37945518]	[]
876_6809	chr3	38004309	38004709	+	1000	50.5	[9.252844]	[91]	[]	[]	[38004492]	[]
876_6815	chr3	170818300	170818700	+	762	50.5	[7.553737, 12.570299]	[105, 118]	[]	[]	[170818493, 170818506]	[]
876_6816	chr3	195271789	195272189	+	1000	50.5	[12.570299]	[95]	[]	[]	[195271965]	[]
876_6817	chr4	25694458	25694858	+	1000	50.5	[]	[]	[9.252844]	[78]	[]	[25694633]
876_6818	chr4	150950572	150950972	+	1000	50.5	[]	[]	[10.2047415]	[84]	[]	[150950742]
876_682	chr4	4601985	4602385	+	1000	173.0	[9.53014]	[100]	[]	[]	[4602177]	[]
876_6829	chr6	87747530	87747930	+	1000	50.5	[10.2047415]	[171]	[]	[]	[87747762]	[]
876_6830	chr6	113188333	113188733	+	1000	50.5	[8.84223]	[134]	[]	[]	[113188564]	[]
876_6832	chr6	159966341	159966741	+	1000	50.5	[]	[]	[10.2047415]	[101]	[]	[159966521]
876_6834	chr7	35993661	35994061	+	1000	50.5	[12.570299]	[112]	[]	[]	[35993866]	[]
876_6835	chr7	65762882	65763282	+	1000	50.5	[7.5891633]	[138]	[8.182752]	[106]	[65763117]	[65763085]
876_6838	chr7	106534132	106534532	+	1000	50.5	[8.009179]	[163]	[]	[]	[106534371]	[]
876_6849	chr8	103707260	103707660	+	1000	50.5	[]	[]	[10.2047415]	[108]	[]	[103707445]
876_6850	chr8	107215331	107215731	+	1000	50.5	[]	[]	[9.53014]	[101]	[]	[107215527]
876_6856	chr9	130878437	130878837	+	1000	50.5	[9.252844]	[141]	[9.252844]	[138]	[130878638]	[130878635]
876_6858	chrX	2707353	2707753	+	1000	50.5	[12.570299]	[103]	[]	[]	[2707533]	[]
876_6859	chrX	11406297	11406697	+	1000	50.5	[8.264141, 12.570299]	[87, 132]	[]	[]	[11406465, 11406510]	[]
876_686	chr2	27925795	27926195	+	1000	172.5	[]	[]	[8.361351]	[148]	[]	[27926036]
876_6861	chr1	25924336	25924736	+	1000	50.0	[]	[]	[12.570299]	[80]	[]	[25924508]
876_6863	chr1	37562994	37563394	+	1000	50.0	[]	[]	[7.764176]	[178]	[]	[37563237]
876_6865	chr1	54407550	54407950	+	1000	50.0	[9.53014]	[215]	[]	[]	[54407793]	[]
876_6866	chr1	95241618	95242018	+	1000	50.0	[12.570299]	[107]	[]	[]	[95241823]	[]
876_6867	chr1	116679767	116680167	+	1000	50.0	[]	[]	[8.361351]	[82]	[]	[116679930]
876_687	chr3	4320420	4320820	+	1000	172.5	[10.2047415]	[114]	[8.182752]	[143]	[4320623]	[4320652]
876_6872	chr1	159958055	159958455	+	1000	50.0	[]	[]	[12.570299]	[84]	[]	[159958235]
876_6875	chr1	201841523	201841923	+	1000	50.0	[9.252844]	[133]	[]	[]	[201841741]	[]
876_6880	chr1	228479798	228480198	+	1000	50.0	[9.252844]	[105]	[]	[]	[228480000]	[]
876_6881	chr1	231050691	231051091	+	1000	50.0	[]	[]	[12.570299]	[64]	[]	[231050852]
876_6882	chr1	236987410	236987810	+	1000	50.0	[9.53014]	[92]	[12.570299, 12.570299]	[56, 115]	[236987602]	[236987566, 236987625]
876_6884	chr10	32335018	32335418	+	1000	50.0	[7.578352]	[129]	[]	[]	[32335221]	[]
876_6886	chr10	50262678	50263078	+	1000	50.0	[12.570299]	[89]	[]	[]	[50262866]	[]
876_6891	chr11	27665541	27665941	+	1000	50.0	[12.570299]	[116]	[]	[]	[27665752]	[]
876_6892	chr11	33891192	33891592	+	1000	50.0	[12.570299]	[155]	[]	[]	[33891426]	[]
876_6895	chr11	86850512	86850912	+	1000	50.0	[12.570299]	[134]	[7.764176]	[72]	[86850736]	[86850674]
876_6899	chr12	45727267	45727667	+	1000	50.0	[]	[]	[8.361351]	[110]	[]	[45727466]
876_6904	chr13	30259606	30260006	+	1000	50.0	[12.570299]	[143]	[]	[]	[30259828]	[]
876_6907	chr13	107993318	107993718	+	1000	50.0	[10.2047415]	[154]	[]	[]	[107993561]	[]
876_6908	chr14	32010541	32010941	+	1000	50.0	[8.361351]	[89]	[]	[]	[32010723]	[]
876_691	chr4	76090341	76090741	+	1000	172.0	[]	[]	[10.2047415]	[103]	[]	[76090542]
876_6913	chr15	57312912	57313312	+	1000	50.0	[]	[]	[9.252844]	[83]	[]	[57313082]
876_6914	chr15	68025995	68026395	+	967	50.0	[12.570299]	[106]	[7.5891633]	[127]	[68026190]	[68026211]
876_6916	chr16	84139416	84139816	+	1000	50.0	[9.53014]	[140]	[]	[]	[84139646]	[]
876_6917	chr16	85334891	85335291	+	1000	50.0	[8.84223]	[150]	[]	[]	[85335109]	[]
876_6918	chr17	1137633	1138033	+	1000	50.0	[]	[]	[10.2047415]	[137]	[]	[1137850]
876_6919	chr17	19796424	19796824	+	1000	50.0	[]	[]	[8.361351]	[107]	[]	[19796616]
876_692	chr5	37553164	37553564	+	1000	172.0	[]	[]	[9.252844]	[133]	[]	[37553393]
876_6921	chr17	45165354	45165754	+	1000	50.0	[9.53014]	[142]	[]	[]	[45165565]	[]
876_6922	chr17	55354004	55354404	+	768	50.0	[8.361351]	[134]	[]	[]	[55354214]	[]
876_6924	chr17	76606684	76607084	+	1000	50.0	[7.553737, 12.570299]	[102, 115]	[]	[]	[76606873, 76606886]	[]
876_6927	chr19	40226821	40227221	+	1000	50.0	[]	[]	[12.570299]	[126]	[]	[40227034]
876_693	chr10	15313857	15314257	+	1000	171.5	[]	[]	[8.361351]	[107]	[]	[15314048]
876_6932	chr2	72730392	72730792	+	1000	50.0	[12.570299]	[82]	[]	[]	[72730566]	[]
876_6939	chr2	193904144	193904544	+	1000	50.0	[12.570299]	[107]	[]	[]	[193904346]	[]
876_6942	chr22	21040032	21040432	+	1000	50.0	[7.5891633]	[168]	[]	[]	[21040279]	[]
876_695	chr1	75376091	75376491	+	1000	171.0	[12.570299]	[105]	[]	[]	[75376292]	[]
876_6950	chr22	22764124	22764524	+	1000	50.0	[]	[]	[9.53014]	[170]	[]	[22764295]
876_6952	chr22	23247759	23248159	+	1000	50.0	[7.677661]	[138]	[7.677661]	[137]	[23247930]	[23247929]
876_6953	chr22	27373315	27373715	+	1000	50.0	[12.570299]	[95]	[]	[]	[27373505]	[]
876_6956	chr3	6541073	6541473	+	1000	50.0	[]	[]	[12.570299]	[107]	[]	[6541278]
876_6958	chr3	43659360	43659760	+	1000	50.0	[12.570299]	[102]	[]	[]	[43659555]	[]
876_6959	chr3	47522031	47522431	+	1000	50.0	[]	[]	[8.361351]	[110]	[]	[47522220]
876_6962	chr3	72679837	72680237	+	1000	50.0	[7.578352, 8.84223]	[80, 137]	[]	[]	[72680017, 72680074]	[]
876_6964	chr3	160393582	160393982	+	711	50.0	[9.53014, 8.361351]	[90, 112]	[]	[]	[160393755, 160393777]	[]
876_6965	chr3	170195747	170196147	+	1000	50.0	[]	[]	[7.677661]	[146]	[]	[170195983]
876_6968	chr4	48728994	48729394	+	1000	50.0	[12.570299]	[144]	[]	[]	[48729215]	[]
876_6969	chr4	78707548	78707948	+	1000	50.0	[9.252844]	[96]	[]	[]	[78707725]	[]
876_6970	chr4	85862783	85863183	+	1000	50.0	[10.2047415]	[112]	[]	[]	[85862988]	[]
876_6972	chr4	102919712	102920112	+	1000	50.0	[12.570299]	[91]	[]	[]	[102919886]	[]
876_6975	chr4	168451934	168452334	+	1000	50.0	[9.53014]	[148]	[]	[]	[168452158]	[]
876_6978	chr5	34699724	34700124	+	1000	50.0	[7.5891633]	[94]	[]	[]	[34699889]	[]
876_6979	chr5	36944622	36945022	+	1000	50.0	[]	[]	[10.2047415]	[69]	[]	[36944777]
876_698	chr6	13203178	13203578	+	1000	171.0	[12.570299]	[105]	[]	[]	[13203378]	[]
876_6982	chr5	108505654	108506054	+	1000	50.0	[]	[]	[12.570299]	[101]	[]	[108505852]
876_6983	chr5	154842945	154843345	+	1000	50.0	[]	[]	[8.361351]	[109]	[]	[154843131]
876_699	chrX	131250911	131251311	+	1000	171.0	[]	[]	[12.570299]	[96]	[]	[131251103]
876_6990	chr6	26365366	26365766	+	1000	50.0	[]	[]	[9.252844]	[69]	[]	[26365521]
876_6991	chr6	27811942	27812342	+	1000	50.0	[10.2047415]	[184]	[]	[]	[27812188]	[]
876_6992	chr6	27888744	27889144	+	1000	50.0	[7.677661]	[125]	[12.570299]	[97]	[27888926]	[27888898]
876_6994	chr6	49895931	49896331	+	1000	50.0	[8.009179]	[77]	[9.53014]	[120]	[49896090]	[49896133]
876_70	chr8	15701777	15702177	+	1000	493.0	[]	[]	[8.361351]	[90]	[]	[15701967]
876_7000	chr6	135254319	135254719	+	1000	50.0	[]	[]	[12.570299]	[142]	[]	[135254530]
876_7002	chr7	17053191	17053591	+	1000	50.0	[12.570299]	[136]	[]	[]	[17053413]	[]
876_7005	chr7	90639613	90640013	+	1000	50.0	[]	[]	[12.570299]	[111]	[]	[90639796]
876_7007	chr7	135934925	135935325	+	1000	50.0	[]	[]	[12.570299]	[106]	[]	[135935128]
876_701	chr3	195716000	195716400	+	1000	170.5	[]	[]	[8.361351]	[95]	[]	[195716175]
876_7010	chr8	121337808	121338208	+	1000	50.0	[]	[]	[9.252844]	[103]	[]	[121337992]
876_7012	chr9	96618147	96618547	+	1000	50.0	[]	[]	[12.570299]	[89]	[]	[96618335]
876_7021	chr9	131217047	131217447	+	1000	50.0	[7.5891633]	[173]	[]	[]	[131217292]	[]
876_7024	chr1	19800123	19800523	+	1000	49.5	[12.570299]	[143]	[]	[]	[19800344]	[]
876_7025	chr1	27157207	27157607	+	1000	49.5	[]	[]	[12.570299]	[127]	[]	[27157392]
876_7028	chr1	65158877	65159277	+	1000	49.5	[]	[]	[9.53014]	[129]	[]	[65159099]
876_7030	chr1	87025178	87025578	+	896	49.5	[12.570299]	[101]	[]	[]	[87025354]	[]
876_7035	chr1	158813188	158813588	+	1000	49.5	[]	[]	[12.570299]	[155]	[]	[158813434]
876_7037	chr1	208036858	208037258	+	1000	49.5	[]	[]	[9.252844]	[104]	[]	[208037054]
876_7039	chr1	233531018	233531418	+	1000	49.5	[8.009179, 8.361351]	[75, 101]	[]	[]	[233531187, 233531213]	[]
876_704	chr12	101459860	101460260	+	1000	170.0	[12.570299]	[107]	[]	[]	[101460061]	[]
876_7040	chr1	234544654	234545054	+	1000	49.5	[7.5891633]	[168]	[]	[]	[234544826]	[]
876_7041	chr1	243150897	243151297	+	1000	49.5	[]	[]	[10.2047415, 8.009179]	[108, 115]	[]	[243151093, 243151100]
876_7046	chr10	73456264	73456664	+	1000	49.5	[8.182752]	[136]	[]	[]	[73456456]	[]
876_7048	chr11	33742461	33742861	+	1000	49.5	[8.361351]	[155]	[]	[]	[33742696]	[]
876_7049	chr11	61161614	61162014	+	1000	49.5	[9.252844]	[107]	[]	[]	[61161779]	[]
876_7050	chr11	63745471	63745871	+	1000	49.5	[]	[]	[12.570299, 12.570299]	[113, 139]	[]	[63745682, 63745708]
876_7052	chr12	95428438	95428838	+	1000	49.5	[]	[]	[9.252844]	[120]	[]	[95428635]
876_7053	chr12	124920040	124920440	+	1000	49.5	[]	[]	[8.361351]	[67]	[]	[124920200]
876_7055	chr13	91389096	91389496	+	1000	49.5	[]	[]	[12.570299]	[122]	[]	[91389282]
876_706	chr11	59857981	59858381	+	1000	169.5	[10.2047415]	[80]	[]	[]	[59858157]	[]
876_7060	chr15	67232135	67232535	+	1000	49.5	[]	[]	[9.53014]	[101]	[]	[67232321]
876_7062	chr15	73448167	73448567	+	1000	49.5	[12.570299]	[120]	[]	[]	[73448366]	[]
876_7065	chr17	41795919	41796319	+	1000	49.5	[12.570299]	[125]	[]	[]	[41796133]	[]
876_7066	chr17	51330815	51331215	+	1000	49.5	[8.84223]	[132]	[]	[]	[51331010]	[]
876_7068	chr17	82200700	82201100	+	1000	49.5	[12.570299, 9.252844]	[84, 119]	[]	[]	[82200878, 82200913]	[]
876_707	chr3	153506670	153507070	+	1000	169.5	[12.570299]	[104]	[]	[]	[153506872]	[]
876_7072	chr19	21602725	21603125	+	1000	49.5	[12.570299]	[101]	[]	[]	[21602890]	[]
876_708	chr5	102671499	102671899	+	1000	169.5	[12.570299]	[103]	[]	[]	[102671696]	[]
876_7082	chr2	47313055	47313455	+	1000	49.5	[]	[]	[8.361351]	[128]	[]	[47313276]
876_7083	chr2	102264970	102265370	+	1000	49.5	[10.2047415]	[99]	[]	[]	[102265162]	[]
876_7084	chr2	119338834	119339234	+	1000	49.5	[7.764176]	[116]	[7.764176]	[115]	[119339023]	[119339022]
876_7085	chr2	119841558	119841958	+	1000	49.5	[10.2047415, 7.5891633]	[133, 158]	[]	[]	[119841754, 119841779]	[]
876_7090	chr2	193170982	193171382	+	1000	49.5	[12.570299]	[94]	[]	[]	[193171174]	[]
876_7092	chr2	204670105	204670505	+	938	49.5	[]	[]	[10.2047415]	[106]	[]	[204670300]
876_7096	chr20	53611292	53611692	+	1000	49.5	[10.2047415]	[139]	[9.252844]	[67]	[53611515]	[53611443]
876_710	chr3	38519650	38520050	+	1000	169.0	[]	[]	[8.361351]	[103]	[]	[38519847]
876_7102	chr22	20073614	20074014	+	1000	49.5	[]	[]	[12.570299]	[146]	[]	[20073839]
876_7105	chr22	21705447	21705847	+	1000	49.5	[12.570299]	[100]	[]	[]	[21705636]	[]
876_7113	chr3	162717196	162717596	+	1000	49.5	[]	[]	[12.570299, 7.553737]	[95, 108]	[]	[162717363, 162717376]
876_7115	chr3	186687253	186687653	+	1000	49.5	[10.2047415]	[103]	[]	[]	[186687450]	[]
876_7117	chr4	68406446	68406846	+	1000	49.5	[]	[]	[10.2047415]	[181]	[]	[68406686]
876_712	chr8	95101506	95101906	+	1000	169.0	[12.570299, 7.5891633]	[97, 146]	[]	[]	[95101698, 95101747]	[]
876_7122	chr5	112503719	112504119	+	1000	49.5	[12.570299]	[151]	[]	[]	[112503960]	[]
876_7123	chr5	113682494	113682894	+	1000	49.5	[7.7748694]	[121]	[8.361351]	[136]	[113682715]	[113682730]
876_7125	chr5	159341896	159342296	+	1000	49.5	[]	[]	[7.764176]	[161]	[]	[159342121]
876_7127	chr6	17958999	17959399	+	1000	49.5	[7.677661]	[115]	[8.84223, 12.570299]	[61, 98]	[17959212]	[17959158, 17959195]
876_7128	chr6	18176212	18176612	+	1000	49.5	[]	[]	[8.009179]	[127]	[]	[18176420]
876_7129	chr6	20424561	20424961	+	1000	49.5	[]	[]	[12.570299]	[102]	[]	[20424751]
876_7133	chr6	26126014	26126414	+	1000	49.5	[]	[]	[12.570299]	[138]	[]	[26126248]
876_7134	chr6	31563766	31564166	+	1000	49.5	[]	[]	[8.361351]	[124]	[]	[31563947]
876_7139	chr6	49668308	49668708	+	1000	49.5	[10.2047415]	[146]	[]	[]	[49668493]	[]
876_714	chr1	246281637	246282037	+	1000	168.0	[12.570299]	[105]	[]	[]	[246281833]	[]
876_7140	chr6	70394661	70395061	+	1000	49.5	[]	[]	[12.570299]	[105]	[]	[70394843]
876_7141	chr6	109340302	109340702	+	1000	49.5	[8.361351]	[125]	[]	[]	[109340523]	[]
876_7143	chr6	137904522	137904922	+	1000	49.5	[]	[]	[7.578352]	[156]	[]	[137904765]
876_7144	chr6	143959917	143960317	+	1000	49.5	[9.252844]	[92]	[]	[]	[143960105]	[]
876_7145	chr7	12490145	12490545	+	1000	49.5	[12.570299]	[123]	[]	[]	[12490354]	[]
876_715	chr10	32059482	32059882	+	1000	168.0	[]	[]	[8.361351]	[114]	[]	[32059691]
876_7152	chr7	139954179	139954579	+	1000	49.5	[10.2047415]	[87]	[]	[]	[139954362]	[]
876_7155	chr8	128197570	128197970	+	948	49.5	[]	[]	[8.182752, 7.553737]	[85, 134]	[]	[128197751, 128197800]
876_7156	chr8	129455935	129456335	+	1000	49.5	[]	[]	[7.5891633, 9.53014]	[105, 187]	[]	[129456096, 129456178]
876_7159	chr9	128761040	128761440	+	1000	49.5	[9.252844]	[138]	[]	[]	[128761265]	[]
876_7169	chr1	16606402	16606802	+	645	49.0	[7.553737]	[179]	[]	[]	[16606600]	[]
876_717	chr3	170727639	170728039	+	1000	168.0	[8.361351]	[103]	[]	[]	[170727834]	[]
876_7171	chr1	31471605	31472005	+	1000	49.0	[]	[]	[12.570299]	[118]	[]	[31471802]
876_7173	chr1	54409216	54409616	+	1000	49.0	[]	[]	[12.570299]	[61]	[]	[54409368]
876_7174	chr1	65554303	65554703	+	1000	49.0	[]	[]	[12.570299]	[103]	[]	[65554501]
876_718	chr5	75695972	75696372	+	1000	168.0	[12.570299]	[102]	[]	[]	[75696168]	[]
876_7182	chr1	151069306	151069706	+	1000	49.0	[10.2047415]	[144]	[]	[]	[151069523]	[]
876_7184	chr1	172818369	172818769	+	1000	49.0	[9.53014]	[119]	[]	[]	[172818568]	[]
876_7187	chr1	195898867	195899267	+	822	49.0	[9.53014]	[134]	[]	[]	[195899091]	[]
876_7189	chr1	234579922	234580322	+	1000	49.0	[]	[]	[8.361351]	[99]	[]	[234580118]
876_7194	chr10	17037947	17038347	+	1000	49.0	[]	[]	[8.361351]	[134]	[]	[17038156]
876_7197	chr10	59945752	59946152	+	1000	49.0	[8.361351]	[113]	[]	[]	[59945962]	[]
876_72	chr3	129054703	129055103	+	1000	483.5	[]	[]	[8.182752]	[103]	[]	[129054905]
876_720	chr2	26073435	26073835	+	1000	167.5	[10.2047415]	[134]	[]	[]	[26073648]	[]
876_7202	chr11	58746410	58746810	+	1000	49.0	[12.570299]	[141]	[]	[]	[58746642]	[]
876_7203	chr11	63435575	63435975	+	1000	49.0	[12.570299]	[106]	[]	[]	[63435772]	[]
876_7204	chr11	64917468	64917868	+	1000	49.0	[12.570299]	[103]	[]	[]	[64917645]	[]
876_7207	chr11	113665020	113665420	+	1000	49.0	[10.2047415]	[151]	[]	[]	[113665234]	[]
876_7208	chr12	46549660	46550060	+	1000	49.0	[]	[]	[8.84223]	[153]	[]	[46549819]
876_7211	chr12	48437817	48438217	+	1000	49.0	[]	[]	[7.677661]	[90]	[]	[48437987]
876_7216	chr13	93238695	93239095	+	1000	49.0	[]	[]	[9.53014, 8.361351]	[113, 135]	[]	[93238871, 93238893]
876_7220	chr15	33956003	33956403	+	1000	49.0	[8.361351]	[120]	[]	[]	[33956201]	[]
876_7221	chr15	39860936	39861336	+	1000	49.0	[12.570299]	[180]	[]	[]	[39861185]	[]
876_7225	chr16	66899652	66900052	+	1000	49.0	[]	[]	[12.570299]	[186]	[]	[66899896]
876_7226	chr17	59290571	59290971	+	1000	49.0	[7.764176]	[142]	[7.553737]	[184]	[59290748]	[59290790]
876_7229	chr18	2866443	2866843	+	1000	49.0	[]	[]	[8.009179]	[137]	[]	[2866662]
876_7230	chr18	59899329	59899729	+	1000	49.0	[]	[]	[12.570299]	[161]	[]	[59899554]
876_7232	chr19	47335300	47335700	+	1000	49.0	[]	[]	[8.361351]	[124]	[]	[47335500]
876_7233	chr19	51128751	51129151	+	1000	49.0	[12.570299]	[176]	[]	[]	[51128991]	[]
876_7234	chr2	6847323	6847723	+	1000	49.0	[]	[]	[7.7748694]	[223]	[]	[6847568]
876_7235	chr2	6946733	6947133	+	1000	49.0	[]	[]	[10.2047415, 7.553737]	[59, 85]	[]	[6946887, 6946913]
876_7236	chr2	36603612	36604012	+	1000	49.0	[]	[]	[12.570299, 7.553737]	[124, 137]	[]	[36603836, 36603849]
876_7238	chr2	62297185	62297585	+	1000	49.0	[8.264141]	[131]	[]	[]	[62297398]	[]
876_7239	chr2	68606006	68606406	+	1000	49.0	[]	[]	[10.2047415]	[135]	[]	[68606228]
876_7241	chr2	144511199	144511599	+	1000	49.0	[]	[]	[10.2047415]	[108]	[]	[144511405]
876_7243	chr2	151849760	151850160	+	1000	49.0	[]	[]	[12.570299]	[79]	[]	[151849939]
876_7244	chr2	157937912	157938312	+	1000	49.0	[]	[]	[7.676677]	[179]	[]	[157938156]
876_725	chr8	93501850	93502250	+	1000	167.0	[]	[]	[8.361351]	[98]	[]	[93502029]
876_7250	chr22	20575863	20576263	+	1000	49.0	[]	[]	[9.252844]	[56]	[]	[20576015]
876_7253	chr22	22003407	22003807	+	1000	49.0	[9.53014]	[109]	[]	[]	[22003595]	[]
876_7254	chr22	22132424	22132824	+	866	49.0	[]	[]	[12.570299]	[71]	[]	[22132591]
876_7258	chr22	40240094	40240494	+	1000	49.0	[]	[]	[7.7748694]	[67]	[]	[40240258]
876_726	chr1	172887164	172887564	+	1000	166.5	[]	[]	[7.578352, 12.570299]	[68, 107]	[]	[172887327, 172887366]
876_7260	chr3	12375610	12376010	+	1000	49.0	[9.252844]	[93]	[8.361351]	[120]	[12375777]	[12375804]
876_7261	chr3	46400174	46400574	+	1000	49.0	[]	[]	[8.361351]	[124]	[]	[46400381]
876_7267	chr4	48340635	48341035	+	1000	49.0	[8.264141]	[118]	[]	[]	[48340803]	[]
876_7268	chr4	56389374	56389774	+	1000	49.0	[]	[]	[7.7748694]	[144]	[]	[56389534]
876_7269	chr4	123479862	123480262	+	1000	49.0	[12.570299]	[106]	[]	[]	[123480059]	[]
876_727	chr10	119834156	119834556	+	1000	166.5	[]	[]	[9.252844]	[100]	[]	[119834352]
876_7270	chr4	128289524	128289924	+	1000	49.0	[7.677661]	[137]	[7.677661]	[136]	[128289711]	[128289710]
876_7271	chr4	139153608	139154008	+	1000	49.0	[]	[]	[12.570299]	[103]	[]	[139153801]
876_7275	chr5	71924946	71925346	+	1000	49.0	[]	[]	[8.361351]	[133]	[]	[71925154]
876_7276	chr5	83577015	83577415	+	1000	49.0	[12.570299]	[120]	[]	[]	[83577217]	[]
876_7277	chr5	119287502	119287902	+	1000	49.0	[10.2047415]	[105]	[7.764176]	[114]	[119287705]	[119287714]
876_7283	chr6	30691251	30691651	+	1000	49.0	[10.2047415, 7.578352, 9.53014]	[135, 182, 194]	[]	[]	[30691430, 30691477, 30691489]	[]
876_7284	chr6	35415131	35415531	+	848	49.0	[10.2047415]	[130]	[]	[]	[35415358]	[]
876_7286	chr6	41659941	41660341	+	1000	49.0	[]	[]	[10.2047415]	[98]	[]	[41660135]
876_729	chr4	128349820	128350220	+	1000	166.5	[12.570299]	[115]	[]	[]	[128350026]	[]
876_7292	chr7	25893084	25893484	+	1000	49.0	[]	[]	[8.182752]	[163]	[]	[25893319]
876_7295	chr7	105664789	105665189	+	1000	49.0	[10.2047415]	[104]	[]	[]	[105664990]	[]
876_7296	chr7	107404486	107404886	+	685	49.0	[8.361351]	[133]	[]	[]	[107404710]	[]
876_7297	chr7	117071563	117071963	+	1000	49.0	[]	[]	[8.84223, 12.570299]	[84, 151]	[]	[117071721, 117071788]
876_7298	chr7	121037878	121038278	+	1000	49.0	[7.677661]	[149]	[]	[]	[121038060]	[]
876_73	chr6	139765798	139766198	+	1000	480.5	[]	[]	[12.570299]	[95]	[]	[139765993]
876_7302	chr7	130577750	130578150	+	1000	49.0	[12.570299]	[164]	[]	[]	[130577953]	[]
876_7303	chr7	134078962	134079362	+	1000	49.0	[12.570299]	[134]	[]	[]	[134079186]	[]
876_7304	chr7	139647181	139647581	+	1000	49.0	[10.2047415]	[85]	[]	[]	[139647364]	[]
876_7305	chr8	6748171	6748571	+	1000	49.0	[12.570299]	[141]	[]	[]	[6748392]	[]
876_7308	chr8	119655088	119655488	+	1000	49.0	[12.570299]	[121]	[]	[]	[119655283]	[]
876_7310	chr8	127851969	127852369	+	1000	49.0	[]	[]	[12.570299]	[103]	[]	[127852164]
876_7312	chr9	128686028	128686428	+	1000	49.0	[]	[]	[12.570299]	[96]	[]	[128686203]
876_7313	chr9	129824076	129824476	+	1000	49.0	[]	[]	[9.53014]	[154]	[]	[129824298]
876_7315	chr9	130804723	130805123	+	970	49.0	[8.84223]	[157]	[]	[]	[130804937]	[]
876_7316	chr9	130964489	130964889	+	1000	49.0	[12.570299]	[135]	[8.182752]	[144]	[130964720]	[130964729]
876_732	chr9	129790215	129790615	+	1000	166.5	[]	[]	[8.361351]	[60]	[]	[129790369]
876_7326	chr1	31954677	31955077	+	1000	48.5	[]	[]	[12.570299]	[118]	[]	[31954889]
876_7327	chr1	46369777	46370177	+	1000	48.5	[]	[]	[8.264141]	[122]	[]	[46369995]
876_7329	chr1	54377207	54377607	+	1000	48.5	[7.677661]	[109]	[7.677661]	[108]	[54377374]	[54377373]
876_733	chr12	32516289	32516689	+	1000	166.0	[]	[]	[10.2047415]	[102]	[]	[32516487]
876_7330	chr1	54383337	54383737	+	1000	48.5	[]	[]	[9.53014]	[126]	[]	[54383540]
876_7331	chr1	75641324	75641724	+	1000	48.5	[12.570299]	[86]	[]	[]	[75641497]	[]
876_7333	chr1	116810170	116810570	+	922	48.5	[12.570299]	[116]	[]	[]	[116810380]	[]
876_7337	chr1	167553906	167554306	+	1000	48.5	[]	[]	[8.009179]	[103]	[]	[167554063]
876_7338	chr1	167983818	167984218	+	1000	48.5	[]	[]	[7.7748694, 8.361351]	[97, 127]	[]	[167984002, 167984032]
876_7339	chr1	179953849	179954249	+	1000	48.5	[10.2047415]	[92]	[]	[]	[179954009]	[]
876_7340	chr1	184029225	184029625	+	1000	48.5	[8.361351]	[141]	[]	[]	[184029438]	[]
876_7341	chr1	185284682	185285082	+	1000	48.5	[8.84223]	[151]	[]	[]	[185284858]	[]
876_7346	chr1	212088294	212088694	+	1000	48.5	[12.570299]	[101]	[]	[]	[212088491]	[]
876_7348	chr10	25769479	25769879	+	1000	48.5	[7.553737, 12.570299]	[92, 105]	[]	[]	[25769670, 25769683]	[]
876_7349	chr10	60175475	60175875	+	1000	48.5	[]	[]	[7.5891633, 12.570299]	[78, 96]	[]	[60175653, 60175671]
876_7350	chr10	96923546	96923946	+	1000	48.5	[]	[]	[9.53014]	[83]	[]	[96923719]
876_7352	chr11	268631	269031	+	1000	48.5	[]	[]	[8.84223, 9.53014, 9.53014]	[84, 100, 117]	[]	[268811, 268827, 268844]
876_7353	chr11	6554753	6555153	+	1000	48.5	[7.677661]	[103]	[]	[]	[6554942]	[]
876_7354	chr11	35595729	35596129	+	1000	48.5	[7.677661]	[113]	[8.009179]	[157]	[35595929]	[35595973]
876_7356	chr11	63558679	63559079	+	1000	48.5	[12.570299, 8.361351]	[91, 143]	[]	[]	[63558869, 63558921]	[]
876_7358	chr11	78424271	78424671	+	1000	48.5	[]	[]	[8.84223]	[140]	[]	[78424504]
876_736	chr6	161550290	161550690	+	1000	166.0	[8.361351, 8.361351]	[75, 107]	[]	[]	[161550455, 161550487]	[]
876_7360	chr11	108028818	108029218	+	1000	48.5	[]	[]	[12.570299]	[91]	[]	[108029005]
876_7361	chr11	113584830	113585230	+	797	48.5	[8.361351]	[143]	[]	[]	[113585055]	[]
876_7364	chr12	91637721	91638121	+	1000	48.5	[]	[]	[8.84223]	[110]	[]	[91637925]
876_7367	chr13	107952501	107952901	+	1000	48.5	[9.252844, 9.53014]	[59, 86]	[]	[]	[107952654, 107952681]	[]
876_7368	chr13	107984181	107984581	+	1000	48.5	[7.578352]	[103]	[]	[]	[107984379]	[]
876_7369	chr13	107996964	107997364	+	1000	48.5	[]	[]	[8.84223]	[80]	[]	[107997116]
876_737	chr7	39627862	39628262	+	1000	166.0	[]	[]	[12.570299]	[120]	[]	[39628070]
876_7371	chr14	73708093	73708493	+	1000	48.5	[]	[]	[12.570299]	[103]	[]	[73708291]
876_7372	chr15	36185806	36186206	+	1000	48.5	[12.570299]	[113]	[]	[]	[36186010]	[]
876_7374	chr15	52717500	52717900	+	1000	48.5	[]	[]	[8.361351]	[100]	[]	[52717697]
876_7376	chr15	58369308	58369708	+	1000	48.5	[10.2047415]	[111]	[]	[]	[58369505]	[]
876_7379	chr16	19662329	19662729	+	1000	48.5	[12.570299]	[128]	[]	[]	[19662541]	[]
876_738	chr9	13203121	13203521	+	1000	166.0	[]	[]	[12.570299]	[126]	[]	[13203325]
876_7382	chr16	85561202	85561602	+	1000	48.5	[]	[]	[8.361351]	[75]	[]	[85561367]
876_7383	chr17	41692127	41692527	+	865	48.5	[]	[]	[7.677661]	[214]	[]	[41692295]
876_7385	chr18	9966273	9966673	+	984	48.5	[8.361351]	[97]	[]	[]	[9966431]	[]
876_7386	chr18	28240709	28241109	+	1000	48.5	[12.570299]	[114]	[]	[]	[28240909]	[]
876_7387	chr18	31702394	31702794	+	1000	48.5	[]	[]	[9.53014]	[112]	[]	[31702594]
876_7388	chr18	70385493	70385893	+	1000	48.5	[9.53014]	[142]	[]	[]	[70385723]	[]
876_739	chr1	9074959	9075359	+	1000	165.5	[9.53014]	[126]	[9.53014]	[165]	[9075170]	[9075209]
876_7391	chr2	62343334	62343734	+	1000	48.5	[]	[]	[8.361351]	[105]	[]	[62343534]
876_7393	chr2	85952365	85952765	+	1000	48.5	[]	[]	[9.252844]	[136]	[]	[85952583]
876_7395	chr2	150178800	150179200	+	1000	48.5	[]	[]	[12.570299]	[71]	[]	[150178968]
876_7396	chr2	152624826	152625226	+	1000	48.5	[12.570299]	[102]	[]	[]	[152625009]	[]
876_7399	chr2	208595705	208596105	+	925	48.5	[10.2047415, 9.53014]	[105, 109]	[]	[]	[208595909, 208595913]	[]
876_74	chr5	72955838	72956238	+	1000	479.0	[]	[]	[12.570299]	[106]	[]	[72956042]
876_7401	chr22	16447471	16447871	+	1000	48.5	[12.570299]	[105]	[]	[]	[16447674]	[]
876_7403	chr22	19776638	19777038	+	1000	48.5	[]	[]	[9.53014]	[187]	[]	[19776885]
876_7407	chr22	22172082	22172482	+	1000	48.5	[]	[]	[10.2047415]	[136]	[]	[22172316]
876_7409	chr22	22782518	22782918	+	1000	48.5	[8.182752]	[153]	[]	[]	[22782756]	[]
876_7417	chr3	112072467	112072867	+	1000	48.5	[]	[]	[12.570299]	[86]	[]	[112072650]
876_7418	chr3	129458248	129458648	+	852	48.5	[]	[]	[12.570299]	[79]	[]	[129458400]
876_742	chr11	20477405	20477805	+	1000	165.0	[12.570299]	[90]	[10.2047415]	[129]	[20477576]	[20477615]
876_7420	chr3	152197907	152198307	+	1000	48.5	[9.53014]	[224]	[]	[]	[152198157]	[]
876_7421	chr3	156601602	156602002	+	1000	48.5	[]	[]	[12.570299]	[121]	[]	[156601814]
876_7423	chr3	183520994	183521394	+	1000	48.5	[8.361351]	[89]	[]	[]	[183521181]	[]
876_7426	chr4	2347113	2347513	+	1000	48.5	[9.53014, 12.570299]	[84, 148]	[]	[]	[2347294, 2347358]	[]
876_7427	chr4	27348513	27348913	+	1000	48.5	[]	[]	[12.570299]	[103]	[]	[27348716]
876_7434	chr5	139698162	139698562	+	1000	48.5	[9.252844]	[161]	[9.252844]	[158]	[139698395]	[139698392]
876_7439	chr6	15551747	15552147	+	1000	48.5	[9.53014]	[104]	[]	[]	[15551949]	[]
876_7441	chr6	26349769	26350169	+	1000	48.5	[]	[]	[10.2047415]	[145]	[]	[26349987]
876_7442	chr6	27773805	27774205	+	1000	48.5	[7.7748694]	[85]	[]	[]	[27773970]	[]
876_7445	chr6	44218515	44218915	+	1000	48.5	[8.361351]	[134]	[]	[]	[44218740]	[]
876_7446	chr6	82893893	82894293	+	1000	48.5	[8.182752, 12.570299]	[115, 126]	[]	[]	[82894082, 82894093]	[]
876_7448	chr6	156854755	156855155	+	1000	48.5	[]	[]	[12.570299]	[101]	[]	[156854936]
876_745	chr5	130817961	130818361	+	1000	165.0	[12.570299]	[161]	[]	[]	[130818204]	[]
876_7453	chr7	99835159	99835559	+	1000	48.5	[]	[]	[8.182752]	[121]	[]	[99835357]
876_7455	chr7	107145020	107145420	+	1000	48.5	[9.53014]	[140]	[9.53014]	[155]	[107145253]	[107145268]
876_7456	chr7	120859459	120859859	+	1000	48.5	[12.570299]	[186]	[]	[]	[120859699]	[]
876_7458	chr7	132419592	132419992	+	1000	48.5	[9.53014]	[157]	[]	[]	[132419820]	[]
876_7460	chr7	139915187	139915587	+	1000	48.5	[12.570299]	[118]	[12.570299]	[71]	[139915399]	[139915352]
876_7461	chr7	150355312	150355712	+	1000	48.5	[]	[]	[12.570299]	[125]	[]	[150355526]
876_7464	chr8	61712063	61712463	+	1000	48.5	[12.570299]	[107]	[]	[]	[61712257]	[]
876_7467	chr8	143899751	143900151	+	1000	48.5	[10.2047415]	[118]	[]	[]	[143899958]	[]
876_7469	chr9	92905412	92905812	+	1000	48.5	[]	[]	[12.570299]	[100]	[]	[92905597]
876_7471	chr9	100498616	100499016	+	1000	48.5	[10.2047415, 8.009179]	[102, 120]	[]	[]	[100498813, 100498831]	[]
876_7479	chr9	131205374	131205774	+	1000	48.5	[8.182752]	[98]	[]	[]	[131205564]	[]
876_748	chrX	7120478	7120878	+	1000	164.5	[]	[]	[12.570299, 12.570299]	[81, 106]	[]	[7120657, 7120682]
876_7481	chrX	15883278	15883678	+	1000	48.5	[8.361351]	[178]	[]	[]	[15883521]	[]
876_7483	chrX	134638806	134639206	+	1000	48.5	[]	[]	[9.252844]	[108]	[]	[134638990]
876_7488	chr1	38533671	38534071	+	888	48.0	[9.53014]	[160]	[9.252844]	[153]	[38533917]	[38533910]
876_7492	chr1	167227517	167227917	+	1000	48.0	[]	[]	[12.570299]	[151]	[]	[167227740]
876_7493	chr1	179060786	179061186	+	1000	48.0	[]	[]	[7.764176]	[73]	[]	[179060952]
876_7494	chr1	185581032	185581432	+	1000	48.0	[8.361351]	[92]	[]	[]	[185581224]	[]
876_75	chr6	135523213	135523613	+	1000	476.0	[]	[]	[9.53014, 8.84223]	[88, 138]	[]	[135523397, 135523447]
876_750	chr14	91268054	91268454	+	1000	164.0	[9.53014]	[99]	[]	[]	[91268231]	[]
876_7501	chr1	231481270	231481670	+	865	48.0	[]	[]	[12.570299, 8.182752]	[102, 113]	[]	[231481472, 231481483]
876_7502	chr1	233684175	233684575	+	1000	48.0	[7.553737, 12.570299]	[86, 99]	[]	[]	[233684358, 233684371]	[]
876_7504	chr1	248336359	248336759	+	1000	48.0	[7.764176, 7.553737, 12.570299]	[104, 168, 181]	[10.2047415]	[90]	[248336528, 248336592, 248336605]	[248336514]
876_7512	chr11	36558702	36559102	+	1000	48.0	[]	[]	[9.53014]	[69]	[]	[36558859]
876_7518	chr12	32047403	32047803	+	1000	48.0	[8.361351]	[64]	[]	[]	[32047555]	[]
876_7519	chr12	43836607	43837007	+	1000	48.0	[12.570299]	[142]	[]	[]	[43836834]	[]
876_752	chr2	111663523	111663923	+	1000	164.0	[]	[]	[12.570299]	[112]	[]	[111663730]
876_7520	chr12	110698578	110698978	+	1000	48.0	[]	[]	[12.570299]	[140]	[]	[110698790]
876_7524	chr15	27468039	27468439	+	1000	48.0	[9.252844]	[101]	[]	[]	[27468221]	[]
876_7526	chr15	41927984	41928384	+	1000	48.0	[]	[]	[10.2047415]	[174]	[]	[41928233]
876_7529	chr15	67382738	67383138	+	1000	48.0	[8.361351]	[130]	[]	[]	[67382961]	[]
876_7531	chr16	1492850	1493250	+	961	48.0	[12.570299]	[152]	[]	[]	[1493079]	[]
876_7536	chr17	30253306	30253706	+	1000	48.0	[]	[]	[8.361351]	[104]	[]	[30253497]
876_7540	chr19	18919104	18919504	+	1000	48.0	[]	[]	[8.009179]	[145]	[]	[18919279]
876_7543	chr2	14716295	14716695	+	1000	48.0	[]	[]	[8.361351]	[89]	[]	[14716467]
876_7548	chr2	69628189	69628589	+	1000	48.0	[8.361351]	[89]	[]	[]	[69628373]	[]
876_7549	chr2	112666671	112667071	+	1000	48.0	[10.2047415]	[82]	[]	[]	[112666838]	[]
876_755	chr2	170115871	170116271	+	1000	163.5	[]	[]	[7.5891633]	[85]	[]	[170116049]
876_7550	chr2	120158686	120159086	+	1000	48.0	[9.53014]	[91]	[]	[]	[120158872]	[]
876_7558	chr21	45111232	45111632	+	1000	48.0	[]	[]	[8.361351]	[168]	[]	[45111456]
876_756	chr1	9435126	9435526	+	1000	163.0	[]	[]	[8.361351]	[124]	[]	[9435349]
876_7563	chr22	21811919	21812319	+	1000	48.0	[7.578352]	[157]	[]	[]	[21812145]	[]
876_7567	chr22	22769324	22769724	+	1000	48.0	[]	[]	[8.361351]	[153]	[]	[22769531]
876_757	chr1	29105905	29106305	+	1000	163.0	[12.570299]	[86]	[]	[]	[29106084]	[]
876_7572	chr22	23050341	23050741	+	1000	48.0	[9.53014]	[124]	[]	[]	[23050492]	[]
876_7578	chr3	57791304	57791704	+	1000	48.0	[10.2047415]	[98]	[]	[]	[57791492]	[]
876_7579	chr3	69833488	69833888	+	1000	48.0	[]	[]	[12.570299, 12.570299, 12.570299, 12.570299]	[86, 109, 132, 159]	[]	[69833665, 69833688, 69833711, 69833738]
876_7581	chr3	152190830	152191230	+	1000	48.0	[]	[]	[10.2047415]	[139]	[]	[152191024]
876_7584	chr4	4030093	4030493	+	1000	48.0	[]	[]	[12.570299]	[112]	[]	[4030296]
876_7585	chr4	26594770	26595170	+	1000	48.0	[10.2047415]	[83]	[]	[]	[26594949]	[]
876_7587	chr4	39369211	39369611	+	1000	48.0	[9.53014]	[124]	[]	[]	[39369412]	[]
876_7589	chr4	99099331	99099731	+	1000	48.0	[]	[]	[12.570299]	[125]	[]	[99099526]
876_759	chr3	184805345	184805745	+	1000	163.0	[12.570299]	[112]	[]	[]	[184805549]	[]
876_7590	chr4	143664577	143664977	+	1000	48.0	[]	[]	[12.570299]	[91]	[]	[143664765]
876_7593	chr4	186554458	186554858	+	1000	48.0	[]	[]	[12.570299]	[92]	[]	[186554649]
876_7596	chr5	81851869	81852269	+	1000	48.0	[8.361351]	[178]	[]	[]	[81852103]	[]
876_7599	chr5	173454578	173454978	+	1000	48.0	[8.361351]	[90]	[]	[]	[173454765]	[]
876_76	chr9	108903763	108904163	+	1000	475.5	[]	[]	[12.570299]	[107]	[]	[108903967]
876_760	chr1	229509555	229509955	+	1000	162.5	[12.570299]	[93]	[8.361351]	[142]	[229509747]	[229509796]
876_7600	chr6	13302963	13303363	+	1000	48.0	[9.252844]	[147]	[9.252844]	[144]	[13303209]	[13303206]
876_761	chr2	6883537	6883937	+	1000	162.5	[12.570299]	[90]	[]	[]	[6883727]	[]
876_7611	chr6	129835689	129836089	+	1000	48.0	[12.570299]	[113]	[]	[]	[129835891]	[]
876_7614	chr6	158518447	158518847	+	1000	48.0	[12.570299]	[135]	[]	[]	[158518663]	[]
876_7617	chr7	19689053	19689453	+	1000	48.0	[]	[]	[12.570299]	[112]	[]	[19689240]
876_762	chr7	66639706	66640106	+	1000	162.5	[]	[]	[12.570299]	[97]	[]	[66639898]
876_7620	chr7	30671789	30672189	+	1000	48.0	[]	[]	[10.2047415]	[90]	[]	[30671979]
876_7621	chr7	35003315	35003715	+	1000	48.0	[12.570299]	[145]	[]	[]	[35003545]	[]
876_7626	chr7	106767057	106767457	+	1000	48.0	[]	[]	[7.7748694]	[104]	[]	[106767217]
876_7628	chr7	121132903	121133303	+	1000	48.0	[12.570299]	[106]	[]	[]	[121133091]	[]
876_763	chr1	150852262	150852662	+	1000	162.0	[9.53014]	[107]	[]	[]	[150852464]	[]
876_7630	chr7	148846609	148847009	+	1000	48.0	[]	[]	[8.361351]	[129]	[]	[148846832]
876_7633	chr8	37673562	37673962	+	1000	48.0	[]	[]	[7.676677]	[141]	[]	[37673790]
876_764	chr1	212291480	212291880	+	1000	162.0	[]	[]	[10.2047415]	[103]	[]	[212291664]
876_7645	chr1	12194816	12195216	+	1000	47.5	[]	[]	[12.570299]	[97]	[]	[12195011]
876_7646	chr1	19508809	19509209	+	1000	47.5	[8.264141, 8.361351]	[103, 179]	[]	[]	[19508976, 19509052]	[]
876_7647	chr1	27672420	27672820	+	1000	47.5	[]	[]	[10.2047415, 9.53014]	[112, 165]	[]	[27672616, 27672669]
876_7651	chr1	53183461	53183861	+	1000	47.5	[9.53014]	[111]	[]	[]	[53183654]	[]
876_7652	chr1	54860893	54861293	+	1000	47.5	[]	[]	[8.009179]	[91]	[]	[54861080]
876_7659	chr1	221430436	221430836	+	1000	47.5	[]	[]	[8.182752]	[109]	[]	[221430645]
876_7660	chr1	223785754	223786154	+	1000	47.5	[9.53014]	[93]	[12.570299]	[132]	[223785937]	[223785976]
876_7661	chr1	225928437	225928837	+	1000	47.5	[8.182752, 9.53014]	[70, 144]	[]	[]	[225928603, 225928677]	[]
876_7662	chr1	227170405	227170805	+	1000	47.5	[8.361351, 8.84223]	[89, 142]	[]	[]	[227170574, 227170627]	[]
876_7663	chr1	227299721	227300121	+	1000	47.5	[8.009179, 10.2047415]	[68, 89]	[]	[]	[227299885, 227299906]	[]
876_7664	chr1	234600209	234600609	+	999	47.5	[12.570299]	[162]	[]	[]	[234600446]	[]
876_7665	chr10	3665196	3665596	+	1000	47.5	[]	[]	[8.361351]	[122]	[]	[3665411]
876_7667	chr10	60212309	60212709	+	1000	47.5	[]	[]	[8.84223]	[167]	[]	[60212540]
876_767	chr6	89940420	89940820	+	1000	162.0	[]	[]	[12.570299]	[88]	[]	[89940598]
876_7671	chr11	65425058	65425458	+	1000	47.5	[]	[]	[7.764176]	[131]	[]	[65425261]
876_7672	chr12	25536947	25537347	+	1000	47.5	[12.570299]	[144]	[]	[]	[25537182]	[]
876_7675	chr12	67720513	67720913	+	1000	47.5	[]	[]	[9.53014]	[97]	[]	[67720700]
876_7681	chr14	49879719	49880119	+	1000	47.5	[]	[]	[8.361351]	[150]	[]	[49879938]
876_7684	chr15	63109869	63110269	+	943	47.5	[9.252844]	[174]	[]	[]	[63110089]	[]
876_7685	chr15	63212065	63212465	+	1000	47.5	[8.84223]	[210]	[9.53014]	[198]	[63212304]	[63212292]
876_7686	chr15	64092862	64093262	+	1000	47.5	[8.84223, 9.252844]	[98, 164]	[9.252844]	[161]	[64093031, 64093097]	[64093094]
876_7687	chr15	70825082	70825482	+	1000	47.5	[]	[]	[8.182752]	[105]	[]	[70825280]
876_7689	chr15	81942172	81942572	+	1000	47.5	[9.53014]	[135]	[]	[]	[81942395]	[]
876_7690	chr16	23863753	23864153	+	1000	47.5	[]	[]	[8.84223]	[107]	[]	[23863931]
876_7691	chr16	67563822	67564222	+	1000	47.5	[12.570299]	[136]	[8.182752]	[94]	[67564058]	[67564016]
876_7700	chr19	45770423	45770823	+	1000	47.5	[8.361351]	[136]	[]	[]	[45770659]	[]
876_7703	chr2	10136305	10136705	+	1000	47.5	[8.361351]	[150]	[]	[]	[10136517]	[]
876_7704	chr2	30666526	30666926	+	1000	47.5	[7.5891633, 10.2047415]	[125, 168]	[]	[]	[30666714, 30666757]	[]
876_7705	chr2	70753036	70753436	+	831	47.5	[8.361351]	[75]	[]	[]	[70753210]	[]
876_7708	chr2	144638268	144638668	+	1000	47.5	[]	[]	[12.570299]	[93]	[]	[144638460]
876_771	chr10	78973478	78973878	+	1000	161.5	[]	[]	[9.53014]	[122]	[]	[78973700]
876_7712	chr2	208371127	208371527	+	1000	47.5	[]	[]	[12.570299]	[138]	[]	[208371354]
876_7715	chr2	230650438	230650838	+	1000	47.5	[]	[]	[8.84223]	[112]	[]	[230650645]
876_7717	chr20	50517502	50517902	+	1000	47.5	[12.570299]	[128]	[]	[]	[50517706]	[]
876_7720	chr22	20826835	20827235	+	1000	47.5	[]	[]	[12.570299]	[127]	[]	[20826994]
876_7721	chr22	21622762	21623162	+	1000	47.5	[8.009179]	[167]	[]	[]	[21622949]	[]
876_7726	chr22	22497416	22497816	+	1000	47.5	[8.009179]	[158]	[]	[]	[22497575]	[]
876_773	chr17	49739912	49740312	+	1000	161.5	[8.361351]	[170]	[]	[]	[49740148]	[]
876_7733	chr3	31462171	31462571	+	1000	47.5	[]	[]	[9.252844]	[147]	[]	[31462385]
876_7734	chr3	67765554	67765954	+	1000	47.5	[8.361351]	[96]	[]	[]	[67765741]	[]
876_7735	chr3	67781185	67781585	+	1000	47.5	[]	[]	[12.570299]	[98]	[]	[67781381]
876_7737	chr3	87558477	87558877	+	1000	47.5	[8.361351]	[89]	[]	[]	[87558666]	[]
876_7740	chr3	170777287	170777687	+	904	47.5	[]	[]	[12.570299]	[146]	[]	[170777504]
876_7742	chr4	25723307	25723707	+	1000	47.5	[]	[]	[7.677661]	[192]	[]	[25723510]
876_7743	chr4	41285454	41285854	+	1000	47.5	[12.570299, 7.5891633]	[132, 175]	[]	[]	[41285656, 41285699]	[]
876_7748	chr5	10295692	10296092	+	1000	47.5	[12.570299]	[80]	[8.84223]	[145]	[10295851]	[10295916]
876_775	chr6	134109543	134109943	+	1000	161.5	[8.84223]	[155]	[]	[]	[134109772]	[]
876_7751	chr5	112208676	112209076	+	1000	47.5	[8.264141]	[163]	[]	[]	[112208909]	[]
876_7755	chr6	27684556	27684956	+	1000	47.5	[]	[]	[12.570299]	[140]	[]	[27684727]
876_7758	chr6	37194775	37195175	+	984	47.5	[8.009179]	[87]	[]	[]	[37194961]	[]
876_7765	chr7	93777112	93777512	+	1000	47.5	[12.570299]	[143]	[]	[]	[93777321]	[]
876_7766	chr7	105013343	105013743	+	1000	47.5	[]	[]	[7.7748694]	[149]	[]	[105013494]
876_7768	chr7	106964300	106964700	+	1000	47.5	[8.361351]	[90]	[]	[]	[106964490]	[]
876_777	chr7	35015453	35015853	+	1000	161.5	[]	[]	[9.53014]	[99]	[]	[35015648]
876_7774	chr8	27969442	27969842	+	1000	47.5	[8.361351]	[154]	[]	[]	[27969671]	[]
876_7775	chr8	28401731	28402131	+	1000	47.5	[12.570299]	[93]	[]	[]	[28401922]	[]
876_7778	chr9	130742435	130742835	+	1000	47.5	[8.264141]	[84]	[]	[]	[130742587]	[]
876_7779	chrUn_GL000224v1	27738	28138	+	1000	47.5	[]	[]	[10.2047415]	[129]	[]	[27956]
876_778	chr1	21916886	21917286	+	1000	161.0	[]	[]	[12.570299]	[118]	[]	[21917104]
876_7780	chrX	125614320	125614720	+	842	47.5	[]	[]	[12.570299]	[108]	[]	[125614495]
876_7782	chr1	15831833	15832233	+	1000	47.0	[]	[]	[9.53014]	[120]	[]	[15832007]
876_7787	chr1	54290728	54291128	+	1000	47.0	[]	[]	[8.264141]	[88]	[]	[54290906]
876_7789	chr1	65253920	65254320	+	1000	47.0	[12.570299]	[143]	[]	[]	[65254134]	[]
876_7790	chr1	77762076	77762476	+	1000	47.0	[10.2047415]	[180]	[]	[]	[77762295]	[]
876_7791	chr1	84572946	84573346	+	1000	47.0	[8.361351]	[90]	[]	[]	[84573133]	[]
876_7792	chr1	85244635	85245035	+	1000	47.0	[12.570299]	[131]	[]	[]	[85244848]	[]
876_7795	chr1	161647572	161647972	+	1000	47.0	[]	[]	[8.264141]	[112]	[]	[161647773]
876_7797	chr1	173154013	173154413	+	1000	47.0	[12.570299]	[89]	[]	[]	[173154200]	[]
876_78	chr10	60282823	60283223	+	1000	474.0	[]	[]	[7.676677]	[87]	[]	[60283010]
876_7801	chr1	200674753	200675153	+	1000	47.0	[]	[]	[10.2047415]	[144]	[]	[200674973]
876_7802	chr1	202508941	202509341	+	1000	47.0	[8.361351]	[112]	[]	[]	[202509134]	[]
876_7803	chr1	207309874	207310274	+	1000	47.0	[7.5891633]	[162]	[]	[]	[207310093]	[]
876_7806	chr1	236794797	236795197	+	1000	47.0	[8.361351]	[135]	[]	[]	[236794982]	[]
876_7807	chr1	241698125	241698525	+	1000	47.0	[7.5891633]	[122]	[]	[]	[241698297]	[]
876_7808	chr1	244361797	244362197	+	923	47.0	[]	[]	[12.570299]	[107]	[]	[244361965]
876_781	chr9	130576170	130576570	+	1000	161.0	[12.570299]	[130]	[]	[]	[130576387]	[]
876_7812	chr10	23438854	23439254	+	1000	47.0	[12.570299]	[99]	[]	[]	[23439046]	[]
876_7816	chr10	103554874	103555274	+	1000	47.0	[10.2047415, 9.53014]	[118, 122]	[]	[]	[103555057, 103555061]	[]
876_7818	chr10	133143170	133143570	+	1000	47.0	[7.676677, 8.361351, 7.676677]	[65, 108, 123]	[]	[]	[133143330, 133143373, 133143388]	[]
876_7819	chr11	12128252	12128652	+	1000	47.0	[12.570299]	[155]	[]	[]	[12128496]	[]
876_782	chr12	64666007	64666407	+	1000	160.5	[10.2047415]	[117]	[]	[]	[64666222]	[]
876_7823	chr11	114441205	114441605	+	1000	47.0	[]	[]	[8.361351]	[110]	[]	[114441405]
876_7824	chr11	126345992	126346392	+	1000	47.0	[]	[]	[8.361351]	[140]	[]	[126346167]
876_7825	chr12	68351949	68352349	+	1000	47.0	[7.7748694]	[151]	[]	[]	[68352179]	[]
876_7828	chr12	122857353	122857753	+	1000	47.0	[10.2047415, 12.570299]	[64, 105]	[]	[]	[122857515, 122857556]	[]
876_783	chr14	88024344	88024744	+	1000	160.5	[8.84223]	[113]	[8.361351]	[65]	[88024551]	[88024503]
876_7830	chr13	22955057	22955457	+	1000	47.0	[10.2047415]	[76]	[]	[]	[22955220]	[]
876_7836	chr13	107927997	107928397	+	1000	47.0	[7.677661]	[225]	[8.361351, 7.677661]	[160, 224]	[107928234]	[107928169, 107928233]
876_7840	chr16	15017212	15017612	+	1000	47.0	[9.53014]	[98]	[]	[]	[15017400]	[]
876_7841	chr16	50264184	50264584	+	1000	47.0	[]	[]	[9.53014]	[90]	[]	[50264355]
876_7842	chr16	53219671	53220071	+	1000	47.0	[12.570299]	[122]	[]	[]	[53219888]	[]
876_7843	chr16	84601604	84602004	+	1000	47.0	[]	[]	[8.361351]	[123]	[]	[84601820]
876_7844	chr17	76442899	76443299	+	917	47.0	[]	[]	[10.2047415]	[143]	[]	[76443111]
876_7846	chr18	830883	831283	+	1000	47.0	[]	[]	[9.53014]	[163]	[]	[831126]
876_785	chr9	112912652	112913052	+	1000	160.5	[12.570299]	[117]	[]	[]	[112912868]	[]
876_7850	chr19	13765510	13765910	+	1000	47.0	[]	[]	[12.570299]	[144]	[]	[13765736]
876_7851	chr19	34962446	34962846	+	1000	47.0	[]	[]	[9.53014, 7.677661]	[98, 156]	[]	[34962639, 34962697]
876_7852	chr19	38270002	38270402	+	1000	47.0	[]	[]	[8.009179]	[69]	[]	[38270153]
876_7853	chr19	44552396	44552796	+	1000	47.0	[8.361351]	[121]	[]	[]	[44552608]	[]
876_7855	chr2	8894256	8894656	+	1000	47.0	[]	[]	[10.2047415]	[139]	[]	[8894470]
876_7858	chr2	32894016	32894416	+	1000	47.0	[9.53014]	[126]	[]	[]	[32894229]	[]
876_7859	chr2	45617058	45617458	+	949	47.0	[10.2047415, 9.53014]	[103, 107]	[]	[]	[45617253, 45617257]	[]
876_786	chrX	150848984	150849384	+	1000	160.5	[9.252844, 12.570299]	[86, 140]	[9.252844]	[83]	[150849168, 150849222]	[150849165]
876_7860	chr2	68916982	68917382	+	1000	47.0	[9.252844, 12.570299]	[61, 141]	[]	[]	[68917133, 68917213]	[]
876_7861	chr2	69943998	69944398	+	1000	47.0	[]	[]	[12.570299]	[102]	[]	[69944183]
876_7862	chr2	80312324	80312724	+	1000	47.0	[]	[]	[12.570299]	[131]	[]	[80312525]
876_7863	chr2	112630758	112631158	+	1000	47.0	[7.677661]	[118]	[7.677661]	[117]	[112630963]	[112630962]
876_7868	chr21	34706394	34706794	+	1000	47.0	[]	[]	[8.361351]	[136]	[]	[34706621]
876_7870	chr21	45313685	45314085	+	1000	47.0	[]	[]	[9.53014]	[162]	[]	[45313914]
876_7871	chr22	19445073	19445473	+	1000	47.0	[8.182752]	[140]	[]	[]	[19445285]	[]
876_7875	chr22	21662144	21662544	+	1000	47.0	[9.53014, 7.677661]	[187, 213]	[]	[]	[21662355, 21662381]	[]
876_7876	chr22	22513042	22513442	+	830	47.0	[]	[]	[7.5891633]	[103]	[]	[22513204]
876_7881	chr22	22939890	22940290	+	1000	47.0	[]	[]	[8.264141]	[166]	[]	[22940119]
876_7882	chr22	22994580	22994980	+	1000	47.0	[9.53014]	[172]	[]	[]	[22994776]	[]
876_7887	chr3	8371277	8371677	+	1000	47.0	[]	[]	[9.53014]	[94]	[]	[8371444]
876_7888	chr3	15798914	15799314	+	1000	47.0	[9.252844]	[118]	[]	[]	[15799103]	[]
876_7889	chr3	122047282	122047682	+	1000	47.0	[]	[]	[12.570299]	[108]	[]	[122047467]
876_789	chr8	106630414	106630814	+	1000	160.0	[]	[]	[12.570299]	[114]	[]	[106630628]
876_7891	chr3	155018960	155019360	+	1000	47.0	[]	[]	[9.252844]	[112]	[]	[155019142]
876_7892	chr3	155282637	155283037	+	689	47.0	[]	[]	[9.53014]	[117]	[]	[155282834]
876_7893	chr3	179233025	179233425	+	1000	47.0	[12.570299]	[95]	[]	[]	[179233218]	[]
876_7894	chr3	195715164	195715564	+	1000	47.0	[7.764176]	[152]	[7.764176]	[151]	[195715382]	[195715381]
876_7896	chr4	38915562	38915962	+	1000	47.0	[]	[]	[9.53014]	[132]	[]	[38915792]
876_790	chr1	60640257	60640657	+	1000	159.5	[12.570299]	[140]	[]	[]	[60640479]	[]
876_7902	chr4	139665759	139666159	+	1000	47.0	[]	[]	[12.570299]	[84]	[]	[139665933]
876_7903	chr5	32541219	32541619	+	587	47.0	[]	[]	[8.361351]	[106]	[]	[32541423]
876_7905	chr5	60837798	60838198	+	1000	47.0	[12.570299]	[73]	[]	[]	[60837955]	[]
876_7907	chr5	95673847	95674247	+	1000	47.0	[]	[]	[9.53014]	[92]	[]	[95674034]
876_7912	chr6	25911208	25911608	+	1000	47.0	[]	[]	[10.2047415]	[154]	[]	[25911429]
876_7915	chr6	40400030	40400430	+	1000	47.0	[10.2047415]	[131]	[10.2047415]	[136]	[40400257]	[40400262]
876_7916	chr6	47533995	47534395	+	1000	47.0	[10.2047415]	[116]	[]	[]	[47534197]	[]
876_7917	chr6	88973000	88973400	+	832	47.0	[12.570299]	[115]	[]	[]	[88973181]	[]
876_7918	chr6	112813310	112813710	+	1000	47.0	[12.570299]	[102]	[]	[]	[112813490]	[]
876_7921	chr6	125946252	125946652	+	1000	47.0	[]	[]	[9.53014]	[119]	[]	[125946451]
876_7928	chr7	88692515	88692915	+	1000	47.0	[9.53014]	[83]	[]	[]	[88692690]	[]
876_793	chr2	63043863	63044263	+	1000	159.5	[]	[]	[12.570299]	[83]	[]	[63044046]
876_7931	chr7	112103273	112103673	+	1000	47.0	[]	[]	[10.2047415]	[104]	[]	[112103476]
876_7935	chr7	135160076	135160476	+	860	47.0	[9.53014]	[130]	[]	[]	[135160268]	[]
876_794	chr22	24727107	24727507	+	1000	159.5	[]	[]	[8.361351]	[75]	[]	[24727278]
876_7941	chr8	61710987	61711387	+	1000	47.0	[9.53014]	[116]	[]	[]	[61711196]	[]
876_7943	chr8	102239650	102240050	+	1000	47.0	[12.570299]	[97]	[]	[]	[102239838]	[]
876_7948	chr9	116175634	116176034	+	804	47.0	[8.361351, 8.182752]	[97, 139]	[]	[]	[116175831, 116175873]	[]
876_7950	chr9	130784937	130785337	+	1000	47.0	[8.361351, 8.361351]	[128, 170]	[]	[]	[130785102, 130785144]	[]
876_7953	chr9	131213466	131213866	+	1000	47.0	[]	[]	[8.264141]	[125]	[]	[131213653]
876_796	chr10	35042834	35043234	+	1000	159.0	[]	[]	[12.570299]	[110]	[]	[35043034]
876_7960	chr1	24541020	24541420	+	1000	46.5	[10.2047415]	[90]	[]	[]	[24541210]	[]
876_7963	chr1	40711642	40712042	+	1000	46.5	[]	[]	[10.2047415]	[145]	[]	[40711838]
876_7964	chr1	62690297	62690697	+	1000	46.5	[7.677661]	[136]	[7.677661]	[135]	[62690527]	[62690526]
876_7965	chr1	63322239	63322639	+	571	46.5	[]	[]	[8.361351]	[106]	[]	[63322444]
876_7966	chr1	65292967	65293367	+	1000	46.5	[9.53014]	[82]	[]	[]	[65293142]	[]
876_7968	chr1	91467792	91468192	+	1000	46.5	[]	[]	[10.2047415]	[151]	[]	[91468029]
876_7969	chr1	100351103	100351503	+	993	46.5	[8.361351]	[106]	[]	[]	[100351307]	[]
876_7973	chr1	180169304	180169704	+	1000	46.5	[12.570299]	[148]	[]	[]	[180169510]	[]
876_7974	chr1	182301729	182302129	+	1000	46.5	[8.361351]	[161]	[]	[]	[182301963]	[]
876_7976	chr1	212208948	212209348	+	1000	46.5	[]	[]	[10.2047415, 8.361351]	[93, 128]	[]	[212209120, 212209155]
876_7978	chr10	23051997	23052397	+	1000	46.5	[]	[]	[12.570299]	[196]	[]	[23052236]
876_7979	chr10	49187680	49188080	+	1000	46.5	[]	[]	[7.677661]	[61]	[]	[49187841]
876_7982	chr10	98270344	98270744	+	1000	46.5	[]	[]	[12.570299]	[75]	[]	[98270511]
876_7983	chr11	3455589	3455989	+	1000	46.5	[]	[]	[10.2047415]	[101]	[]	[3455787]
876_7987	chr11	46149424	46149824	+	1000	46.5	[]	[]	[10.2047415]	[89]	[]	[46149592]
876_7988	chr11	60193896	60194296	+	1000	46.5	[]	[]	[7.578352]	[107]	[]	[60194096]
876_7989	chr11	75087055	75087455	+	1000	46.5	[]	[]	[8.361351]	[102]	[]	[75087249]
876_799	chr3	182937658	182938058	+	1000	159.0	[]	[]	[9.53014]	[109]	[]	[182937863]
876_7990	chr12	9635014	9635414	+	1000	46.5	[]	[]	[8.361351]	[147]	[]	[9635256]
876_7992	chr12	45315466	45315866	+	1000	46.5	[]	[]	[8.361351]	[95]	[]	[45315631]
876_7994	chr12	69432891	69433291	+	849	46.5	[12.570299]	[117]	[]	[]	[69433096]	[]
876_7995	chr12	70733384	70733784	+	990	46.5	[8.361351]	[75]	[]	[]	[70733549]	[]
876_7996	chr12	75938291	75938691	+	1000	46.5	[9.252844]	[130]	[9.252844]	[127]	[75938493]	[75938490]
876_7997	chr12	120325441	120325841	+	1000	46.5	[]	[]	[12.570299]	[63]	[]	[120325604]
876_7998	chr13	49062234	49062634	+	1000	46.5	[7.764176]	[80]	[9.53014]	[134]	[49062387]	[49062441]
876_7999	chr13	52760150	52760550	+	1000	46.5	[]	[]	[12.570299]	[137]	[]	[52760369]
876_8007	chr15	51907463	51907863	+	1000	46.5	[9.252844]	[69]	[]	[]	[51907615]	[]
876_801	chr1	159817555	159817955	+	1000	158.5	[9.252844]	[100]	[]	[]	[159817746]	[]
876_8011	chr15	84724861	84725261	+	1000	46.5	[8.361351]	[132]	[]	[]	[84725092]	[]
876_8014	chr16	66632518	66632918	+	1000	46.5	[12.570299]	[148]	[]	[]	[66632741]	[]
876_8018	chr17	64618819	64619219	+	1000	46.5	[12.570299, 8.84223]	[84, 139]	[]	[]	[64618997, 64619052]	[]
876_802	chr22	49767242	49767642	+	1000	158.5	[]	[]	[7.7748694]	[54]	[]	[49767393]
876_8021	chr17	81018050	81018450	+	1000	46.5	[]	[]	[12.570299]	[124]	[]	[81018265]
876_8023	chr17_GL000205v2_random	73313	73713	+	1000	46.5	[7.677661]	[125]	[7.677661]	[124]	[73513]	[73512]
876_8025	chr18	3660258	3660658	+	1000	46.5	[]	[]	[10.2047415]	[201]	[]	[3660501]
876_8026	chr18	6927210	6927610	+	1000	46.5	[]	[]	[8.264141]	[144]	[]	[6927442]
876_803	chr5	10780211	10780611	+	1000	158.5	[12.570299]	[103]	[]	[]	[10780404]	[]
876_8033	chr19	45493160	45493560	+	1000	46.5	[12.570299]	[122]	[]	[]	[45493332]	[]
876_8034	chr19	46273886	46274286	+	1000	46.5	[7.553737, 12.570299]	[100, 113]	[]	[]	[46274083, 46274096]	[]
876_8037	chr2	9842513	9842913	+	1000	46.5	[]	[]	[12.570299, 8.84223]	[86, 132]	[]	[9842686, 9842732]
876_8041	chr2	68870224	68870624	+	1000	46.5	[12.570299]	[119]	[]	[]	[68870442]	[]
876_8042	chr2	83951620	83952020	+	1000	46.5	[10.2047415]	[108]	[]	[]	[83951824]	[]
876_8043	chr2	134733741	134734141	+	1000	46.5	[]	[]	[8.009179]	[128]	[]	[134733948]
876_8046	chr2	223995608	223996008	+	990	46.5	[7.764176]	[62]	[9.53014]	[76]	[223995770]	[223995784]
876_8047	chr20	31879956	31880356	+	1000	46.5	[]	[]	[8.264141]	[118]	[]	[31880166]
876_8048	chr20	33690119	33690519	+	1000	46.5	[]	[]	[8.009179]	[101]	[]	[33690307]
876_8049	chr21	31733514	31733914	+	1000	46.5	[12.570299]	[145]	[]	[]	[31733717]	[]
876_8050	chr21	37564829	37565229	+	1000	46.5	[]	[]	[10.2047415]	[75]	[]	[37564999]
876_8057	chr22	22937979	22938379	+	1000	46.5	[9.53014]	[111]	[]	[]	[22938187]	[]
876_8060	chr22	23084135	23084535	+	973	46.5	[]	[]	[7.676677]	[148]	[]	[23084358]
876_8062	chr22	39774045	39774445	+	800	46.5	[12.570299]	[115]	[]	[]	[39774251]	[]
876_8064	chr3	12720047	12720447	+	1000	46.5	[8.009179]	[142]	[]	[]	[12720283]	[]
876_8067	chr3	40468013	40468413	+	1000	46.5	[9.252844]	[100]	[9.252844, 9.53014]	[83, 111]	[40468196]	[40468179, 40468207]
876_8068	chr3	45057992	45058392	+	1000	46.5	[9.252844]	[118]	[9.252844]	[115]	[45058188]	[45058185]
876_8071	chr3	107697594	107697994	+	968	46.5	[]	[]	[12.570299]	[96]	[]	[107697749]
876_8073	chr3	172039108	172039508	+	983	46.5	[7.764176, 12.570299]	[100, 171]	[]	[]	[172039269, 172039340]	[]
876_8075	chr4	55297394	55297794	+	1000	46.5	[12.570299]	[129]	[]	[]	[55297616]	[]
876_8076	chr4	73434352	73434752	+	1000	46.5	[10.2047415]	[103]	[]	[]	[73434551]	[]
876_8079	chr5	34183956	34184356	+	1000	46.5	[8.361351]	[91]	[]	[]	[34184138]	[]
876_808	chr16	87388204	87388604	+	1000	157.5	[]	[]	[12.570299]	[102]	[]	[87388400]
876_8081	chr5	74391433	74391833	+	859	46.5	[]	[]	[7.578352]	[76]	[]	[74391591]
876_8083	chr5	88172724	88173124	+	1000	46.5	[]	[]	[12.570299]	[100]	[]	[88172916]
876_8085	chr5	145829765	145830165	+	1000	46.5	[12.570299]	[67]	[]	[]	[145829919]	[]
876_8086	chr5	163298904	163299304	+	1000	46.5	[]	[]	[10.2047415]	[159]	[]	[163299136]
876_8087	chr5	172773759	172774159	+	1000	46.5	[7.578352]	[86]	[8.361351]	[161]	[172773916]	[172773991]
876_8089	chr6	15067095	15067495	+	1000	46.5	[8.361351]	[125]	[]	[]	[15067275]	[]
876_809	chr18	750449	750849	+	1000	157.5	[12.570299]	[126]	[]	[]	[750673]	[]
876_8096	chr6	45369814	45370214	+	1000	46.5	[]	[]	[8.264141]	[113]	[]	[45370008]
876_8099	chr6	77752118	77752518	+	1000	46.5	[]	[]	[10.2047415]	[96]	[]	[77752299]
876_810	chr1	157279526	157279926	+	1000	157.0	[12.570299]	[152]	[]	[]	[157279772]	[]
876_8105	chr6	159694255	159694655	+	844	46.5	[]	[]	[12.570299]	[145]	[]	[159694496]
876_8107	chr7	26500778	26501178	+	688	46.5	[]	[]	[8.361351]	[106]	[]	[26500979]
876_8108	chr7	77727916	77728316	+	1000	46.5	[]	[]	[9.53014]	[117]	[]	[77728103]
876_811	chr15	91472307	91472707	+	1000	157.0	[]	[]	[12.570299]	[104]	[]	[91472510]
876_8116	chr8	37117725	37118125	+	1000	46.5	[8.361351]	[112]	[]	[]	[37117934]	[]
876_8119	chr8	133216504	133216904	+	1000	46.5	[]	[]	[10.2047415]	[153]	[]	[133216715]
876_8121	chr9	112194976	112195376	+	1000	46.5	[]	[]	[12.570299]	[175]	[]	[112195203]
876_8124	chr9	130822133	130822533	+	1000	46.5	[]	[]	[8.84223]	[68]	[]	[130822297]
876_8127	chr9	136788446	136788846	+	1000	46.5	[]	[]	[10.2047415]	[103]	[]	[136788645]
876_8131	chrX	136496298	136496698	+	1000	46.5	[]	[]	[12.570299, 12.570299]	[136, 150]	[]	[136496522, 136496536]
876_8133	chr1	35629081	35629481	+	1000	46.0	[12.570299]	[103]	[]	[]	[35629250]	[]
876_8135	chr1	88342070	88342470	+	900	46.0	[12.570299]	[144]	[]	[]	[88342308]	[]
876_8137	chr1	100949503	100949903	+	1000	46.0	[]	[]	[12.570299]	[101]	[]	[100949693]
876_8139	chr1	122888432	122888832	+	928	46.0	[]	[]	[9.53014]	[154]	[]	[122888656]
876_8147	chr1	221663706	221664106	+	1000	46.0	[9.252844]	[102]	[]	[]	[221663906]	[]
876_8149	chr1	230138835	230139235	+	1000	46.0	[]	[]	[7.676677]	[203]	[]	[230139071]
876_8156	chr10	89374171	89374571	+	1000	46.0	[7.676677]	[54]	[]	[]	[89374323]	[]
876_8158	chr10	100454731	100455131	+	1000	46.0	[12.570299]	[109]	[]	[]	[100454925]	[]
876_8159	chr11	18691508	18691908	+	1000	46.0	[]	[]	[8.361351]	[171]	[]	[18691728]
876_816	chr6	125742397	125742797	+	1000	156.0	[]	[]	[12.570299, 8.182752]	[96, 142]	[]	[125742593, 125742639]
876_8164	chr11	73143603	73144003	+	702	46.0	[]	[]	[12.570299]	[105]	[]	[73143799]
876_8166	chr11	86160499	86160899	+	1000	46.0	[]	[]	[10.2047415]	[127]	[]	[86160699]
876_8172	chr12	95998586	95998986	+	570	46.0	[7.553737]	[118]	[]	[]	[95998792]	[]
876_8175	chr12	124867338	124867738	+	1000	46.0	[10.2047415]	[193]	[]	[]	[124867563]	[]
876_8176	chr13	24221062	24221462	+	1000	46.0	[]	[]	[9.252844]	[119]	[]	[24221274]
876_8179	chr13	90156357	90156757	+	1000	46.0	[]	[]	[8.361351, 12.570299]	[100, 126]	[]	[90156539, 90156565]
876_818	chr12	47768330	47768730	+	1000	155.5	[12.570299]	[103]	[]	[]	[47768532]	[]
876_8181	chr13	92338536	92338936	+	1000	46.0	[7.7748694]	[125]	[]	[]	[92338703]	[]
876_8183	chr13	93309708	93310108	+	1000	46.0	[7.7748694]	[174]	[]	[]	[93309916]	[]
876_8185	chr13	97259830	97260230	+	1000	46.0	[9.53014]	[116]	[]	[]	[97260038]	[]
876_8186	chr13	107932234	107932634	+	1000	46.0	[10.2047415]	[126]	[]	[]	[107932457]	[]
876_8187	chr13	107936146	107936546	+	1000	46.0	[]	[]	[12.570299]	[105]	[]	[107936327]
876_8189	chr13	109695093	109695493	+	1000	46.0	[12.570299]	[101]	[]	[]	[109695280]	[]
876_819	chr12	123372411	123372811	+	1000	155.5	[8.84223]	[107]	[8.84223]	[104]	[123372611]	[123372608]
876_8192	chr15	69215331	69215731	+	1000	46.0	[7.677661]	[151]	[7.677661]	[150]	[69215576]	[69215575]
876_8193	chr15	79179056	79179456	+	1000	46.0	[]	[]	[7.764176, 12.570299]	[132, 140]	[]	[79179252, 79179260]
876_8195	chr16	178188	178588	+	1000	46.0	[12.570299]	[133]	[]	[]	[178396]	[]
876_8196	chr16	15932937	15933337	+	1000	46.0	[]	[]	[12.570299]	[88]	[]	[15933125]
876_82	chr1	74689820	74690220	+	1000	448.5	[8.361351]	[114]	[]	[]	[74690028]	[]
876_820	chr2	43178001	43178401	+	1000	155.5	[]	[]	[9.252844]	[95]	[]	[43178194]
876_8202	chr17	50979545	50979945	+	1000	46.0	[8.009179]	[84]	[]	[]	[50979718]	[]
876_8206	chr18	986545	986945	+	1000	46.0	[9.252844]	[114]	[9.252844]	[139]	[986740]	[986765]
876_8209	chr18	46422663	46423063	+	1000	46.0	[]	[]	[8.361351]	[144]	[]	[46422879]
876_8210	chr19	3521033	3521433	+	1000	46.0	[7.676677]	[132]	[]	[]	[3521256]	[]
876_8211	chr19	13794844	13795244	+	1000	46.0	[12.570299]	[130]	[]	[]	[13795067]	[]
876_8212	chr19	28614565	28614965	+	1000	46.0	[7.677661]	[73]	[]	[]	[28614718]	[]
876_8215	chr2	16633902	16634302	+	1000	46.0	[]	[]	[8.361351]	[183]	[]	[16634125]
876_8219	chr2	157691720	157692120	+	1000	46.0	[8.361351]	[100]	[]	[]	[157691920]	[]
876_822	chr5	108622267	108622667	+	1000	155.5	[9.252844]	[99]	[]	[]	[108622464]	[]
876_8220	chr2	175593917	175594317	+	1000	46.0	[]	[]	[12.570299]	[90]	[]	[175594095]
876_8221	chr2	175955148	175955548	+	1000	46.0	[7.553737]	[126]	[]	[]	[175955374]	[]
876_8222	chr2	177187402	177187802	+	1000	46.0	[]	[]	[8.182752]	[91]	[]	[177187582]
876_8223	chr2	190170680	190171080	+	1000	46.0	[]	[]	[9.252844]	[115]	[]	[190170871]
876_8224	chr2	223723965	223724365	+	1000	46.0	[]	[]	[12.570299]	[94]	[]	[223724155]
876_8227	chr22	21890301	21890701	+	1000	46.0	[7.7748694]	[83]	[]	[]	[21890467]	[]
876_823	chr17	59853115	59853515	+	1000	155.0	[12.570299]	[123]	[8.009179]	[135]	[59853323]	[59853335]
876_8230	chr22	22868758	22869158	+	1000	46.0	[]	[]	[8.84223]	[87]	[]	[22868915]
876_8234	chr22	40954149	40954549	+	1000	46.0	[]	[]	[12.570299]	[93]	[]	[40954314]
876_824	chr2	66144328	66144728	+	1000	155.0	[]	[]	[12.570299]	[68]	[]	[66144495]
876_8241	chr3	142319113	142319513	+	903	46.0	[]	[]	[10.2047415, 9.53014]	[120, 162]	[]	[142319314, 142319356]
876_8243	chr3	171388513	171388913	+	1000	46.0	[9.252844]	[112]	[]	[]	[171388725]	[]
876_8245	chr3	185811480	185811880	+	1000	46.0	[12.570299]	[122]	[]	[]	[185811691]	[]
876_8247	chr3	195543482	195543882	+	1000	46.0	[12.570299]	[97]	[]	[]	[195543675]	[]
876_8248	chr3	195583826	195584226	+	1000	46.0	[]	[]	[12.570299]	[99]	[]	[195583990]
876_825	chr7	74584335	74584735	+	1000	155.0	[10.2047415, 7.676677]	[106, 146]	[]	[]	[74584530, 74584570]	[]
876_8250	chr4	18602592	18602992	+	908	46.0	[]	[]	[12.570299]	[146]	[]	[18602798]
876_8254	chr4	152691733	152692133	+	1000	46.0	[12.570299]	[137]	[]	[]	[152691950]	[]
876_8255	chr4	173386339	173386739	+	1000	46.0	[8.182752]	[146]	[10.2047415]	[83]	[173386581]	[173386518]
876_8259	chr5	108553889	108554289	+	1000	46.0	[]	[]	[12.570299]	[99]	[]	[108554078]
876_826	chr7	125181348	125181748	+	1000	155.0	[]	[]	[12.570299]	[90]	[]	[125181505]
876_8261	chr5	116436856	116437256	+	1000	46.0	[]	[]	[8.84223, 8.361351, 10.2047415]	[87, 114, 131]	[]	[116437042, 116437069, 116437086]
876_8263	chr5	122126374	122126774	+	984	46.0	[10.2047415]	[143]	[]	[]	[122126605]	[]
876_8265	chr5	130740122	130740522	+	1000	46.0	[8.361351]	[108]	[]	[]	[130740325]	[]
876_8266	chr5	148398298	148398698	+	1000	46.0	[7.677661]	[95]	[9.252844]	[78]	[148398487]	[148398470]
876_827	chrX	123464688	123465088	+	1000	155.0	[]	[]	[9.252844, 12.570299]	[95, 142]	[]	[123464879, 123464926]
876_8271	chr6	8392598	8392998	+	1000	46.0	[12.570299]	[129]	[]	[]	[8392805]	[]
876_8274	chr6	26304142	26304542	+	1000	46.0	[8.84223]	[77]	[]	[]	[26304315]	[]
876_8277	chr6	28335691	28336091	+	1000	46.0	[]	[]	[8.84223]	[196]	[]	[28335905]
876_8294	chr8	69356782	69357182	+	1000	46.0	[]	[]	[12.570299]	[103]	[]	[69356944]
876_8310	chrX	130952468	130952868	+	1000	46.0	[10.2047415]	[147]	[9.53014]	[156]	[130952688]	[130952697]
876_8313	chr1	16055986	16056386	+	1000	45.5	[]	[]	[12.570299]	[165]	[]	[16056219]
876_8314	chr1	62799837	62800237	+	1000	45.5	[]	[]	[10.2047415]	[88]	[]	[62800004]
876_8317	chr1	112160164	112160564	+	1000	45.5	[]	[]	[12.570299]	[115]	[]	[112160353]
876_8319	chr1	145979764	145980164	+	1000	45.5	[]	[]	[12.570299]	[118]	[]	[145979966]
876_8320	chr1	185001757	185002157	+	1000	45.5	[12.570299]	[148]	[]	[]	[185001999]	[]
876_8321	chr1	202483366	202483766	+	1000	45.5	[]	[]	[12.570299]	[124]	[]	[202483584]
876_8326	chr1	226457207	226457607	+	1000	45.5	[12.570299]	[108]	[]	[]	[226457406]	[]
876_8327	chr1	230742581	230742981	+	1000	45.5	[12.570299]	[125]	[8.009179]	[72]	[230742791]	[230742738]
876_8333	chr1	246726396	246726796	+	1000	45.5	[]	[]	[10.2047415]	[141]	[]	[246726630]
876_8337	chr10	28321795	28322195	+	1000	45.5	[]	[]	[8.182752]	[124]	[]	[28321988]
876_8338	chr10	44249536	44249936	+	639	45.5	[]	[]	[12.570299]	[80]	[]	[44249703]
876_8342	chr11	59550919	59551319	+	1000	45.5	[7.764176]	[91]	[7.764176]	[90]	[59551108]	[59551107]
876_8343	chr11	72807296	72807696	+	1000	45.5	[]	[]	[10.2047415]	[141]	[]	[72807520]
876_8350	chr13	80692351	80692751	+	1000	45.5	[10.2047415, 10.2047415]	[150, 173]	[]	[]	[80692512, 80692535]	[]
876_8354	chr14	52457929	52458329	+	1000	45.5	[8.361351, 7.578352]	[117, 128]	[]	[]	[52458121, 52458132]	[]
876_8355	chr14	73763360	73763760	+	1000	45.5	[12.570299]	[142]	[8.84223]	[135]	[73763590]	[73763583]
876_8357	chr14	102690864	102691264	+	1000	45.5	[]	[]	[12.570299, 9.252844]	[109, 137]	[]	[102691049, 102691077]
876_8358	chr15	66043347	66043747	+	1000	45.5	[]	[]	[8.361351]	[99]	[]	[66043522]
876_8360	chr15	66743704	66744104	+	1000	45.5	[]	[]	[10.2047415]	[124]	[]	[66743899]
876_8361	chr15	95168728	95169128	+	1000	45.5	[]	[]	[8.84223]	[172]	[]	[95168928]
876_8362	chr16	1296935	1297335	+	1000	45.5	[]	[]	[12.570299]	[144]	[]	[1297176]
876_8364	chr16	81469535	81469935	+	1000	45.5	[]	[]	[10.2047415, 7.5891633]	[107, 118]	[]	[81469740, 81469751]
876_837	chr8	104622600	104623000	+	1000	153.5	[]	[]	[9.53014, 7.676677]	[116, 124]	[]	[104622799, 104622807]
876_8371	chr17	60371887	60372287	+	871	45.5	[8.361351]	[203]	[]	[]	[60372127]	[]
876_838	chr4	2816432	2816832	+	1000	153.0	[]	[]	[8.361351]	[113]	[]	[2816630]
876_8380	chr19	46737178	46737578	+	1000	45.5	[12.570299]	[156]	[]	[]	[46737406]	[]
876_8383	chr19	52724187	52724587	+	1000	45.5	[8.361351]	[103]	[]	[]	[52724379]	[]
876_8385	chr2	8324534	8324934	+	1000	45.5	[12.570299]	[120]	[]	[]	[8324751]	[]
876_839	chr6	5891567	5891967	+	1000	153.0	[]	[]	[12.570299]	[94]	[]	[5891759]
876_8390	chr2	111698888	111699288	+	1000	45.5	[9.252844]	[111]	[]	[]	[111699097]	[]
876_8392	chr2	127226600	127227000	+	688	45.5	[12.570299]	[166]	[12.570299]	[128]	[127226845]	[127226807]
876_8397	chr2	178193449	178193849	+	1000	45.5	[]	[]	[10.2047415]	[141]	[]	[178193678]
876_84	chr1	45266336	45266736	+	1000	441.0	[]	[]	[12.570299]	[106]	[]	[45266539]
876_840	chr6	41320509	41320909	+	1000	153.0	[]	[]	[12.570299, 12.570299]	[83, 142]	[]	[41320692, 41320751]
876_8402	chr21	29814149	29814549	+	1000	45.5	[]	[]	[12.570299]	[121]	[]	[29814345]
876_8403	chr21	43619869	43620269	+	723	45.5	[12.570299]	[142]	[]	[]	[43620107]	[]
876_8407	chr22	21910588	21910988	+	1000	45.5	[]	[]	[8.009179]	[152]	[]	[21910746]
876_8416	chr22	23052727	23053127	+	1000	45.5	[8.009179]	[160]	[]	[]	[23052930]	[]
876_8419	chr3	4323067	4323467	+	1000	45.5	[]	[]	[12.570299]	[178]	[]	[4323309]
876_842	chr12	28760506	28760906	+	1000	152.5	[12.570299]	[93]	[]	[]	[28760696]	[]
876_8423	chr3	52333865	52334265	+	1000	45.5	[]	[]	[9.252844]	[139]	[]	[52334098]
876_8424	chr3	82110371	82110771	+	1000	45.5	[]	[]	[12.570299]	[99]	[]	[82110566]
876_8427	chr3	142017007	142017407	+	1000	45.5	[]	[]	[10.2047415]	[109]	[]	[142017204]
876_8429	chr3	170729949	170730349	+	1000	45.5	[8.361351]	[91]	[]	[]	[170730134]	[]
876_8430	chr3	178942239	178942639	+	1000	45.5	[]	[]	[12.570299]	[120]	[]	[178942415]
876_8431	chr4	242151	242551	+	1000	45.5	[10.2047415]	[114]	[]	[]	[242363]	[]
876_8433	chr4	73735202	73735602	+	1000	45.5	[]	[]	[12.570299]	[73]	[]	[73735356]
876_8434	chr4	78649054	78649454	+	1000	45.5	[]	[]	[8.361351]	[105]	[]	[78649234]
876_8439	chr5	82932711	82933111	+	942	45.5	[12.570299]	[119]	[]	[]	[82932912]	[]
876_844	chr3	17860724	17861124	+	1000	152.5	[]	[]	[12.570299]	[98]	[]	[17860920]
876_8440	chr5	131899711	131900111	+	1000	45.5	[8.361351]	[144]	[]	[]	[131899922]	[]
876_8441	chr5	150774164	150774564	+	1000	45.5	[]	[]	[7.676677]	[94]	[]	[150774332]
876_8445	chr6	13924069	13924469	+	1000	45.5	[]	[]	[12.570299]	[142]	[]	[13924272]
876_8449	chr6	45049197	45049597	+	1000	45.5	[8.361351]	[111]	[]	[]	[45049365]	[]
876_8450	chr6	68024504	68024904	+	1000	45.5	[]	[]	[9.53014]	[78]	[]	[68024672]
876_8451	chr6	100913618	100914018	+	1000	45.5	[]	[]	[12.570299]	[89]	[]	[100913804]
876_8452	chr6	110879195	110879595	+	1000	45.5	[]	[]	[12.570299]	[96]	[]	[110879376]
876_8456	chr6	143061861	143062261	+	1000	45.5	[]	[]	[9.53014, 8.361351]	[84, 138]	[]	[143062034, 143062088]
876_8457	chr6	147132542	147132942	+	1000	45.5	[12.570299]	[137]	[]	[]	[147132746]	[]
876_8459	chr6	158706776	158707176	+	821	45.5	[]	[]	[8.84223]	[144]	[]	[158706960]
876_846	chr7	77855737	77856137	+	1000	152.5	[]	[]	[12.570299]	[115]	[]	[77855946]
876_8461	chr7	1506795	1507195	+	1000	45.5	[]	[]	[8.361351]	[149]	[]	[1507000]
876_8466	chr7	44992110	44992510	+	1000	45.5	[]	[]	[8.84223]	[122]	[]	[44992284]
876_8471	chr7	117124586	117124986	+	1000	45.5	[]	[]	[7.676677]	[81]	[]	[117124759]
876_8476	chr7	158830844	158831244	+	1000	45.5	[]	[]	[8.361351]	[143]	[]	[158831065]
876_8477	chr8	93730962	93731362	+	1000	45.5	[]	[]	[12.570299]	[129]	[]	[93731186]
876_8479	chr8	120084498	120084898	+	1000	45.5	[]	[]	[9.53014]	[115]	[]	[120084707]
876_8481	chr9	73148320	73148720	+	1000	45.5	[12.570299, 10.2047415]	[89, 115]	[9.53014]	[159]	[73148492, 73148518]	[73148562]
876_8482	chr9	78201100	78201500	+	1000	45.5	[12.570299]	[129]	[]	[]	[78201316]	[]
876_8488	chrX	114152135	114152535	+	1000	45.5	[]	[]	[8.361351]	[105]	[]	[114152323]
876_8494	chr1	40381189	40381589	+	1000	45.0	[7.677661]	[104]	[]	[]	[40381359]	[]
876_8495	chr1	51321201	51321601	+	1000	45.0	[9.53014]	[117]	[]	[]	[51321414]	[]
876_8496	chr1	59667024	59667424	+	799	45.0	[7.676677]	[91]	[12.570299]	[117]	[59667207]	[59667233]
876_8497	chr1	67830295	67830695	+	1000	45.0	[10.2047415]	[115]	[]	[]	[67830487]	[]
876_8499	chr1	94812955	94813355	+	1000	45.0	[]	[]	[12.570299]	[96]	[]	[94813136]
876_850	chr3	155131075	155131475	+	1000	152.0	[]	[]	[9.252844]	[132]	[]	[155131295]
876_8502	chr1	110916693	110917093	+	1000	45.0	[8.264141]	[97]	[]	[]	[110916886]	[]
876_8504	chr1	164748540	164748940	+	1000	45.0	[8.361351]	[191]	[]	[]	[164748772]	[]
876_8507	chr1	175272355	175272755	+	1000	45.0	[]	[]	[8.361351]	[108]	[]	[175272531]
876_8508	chr1	180291024	180291424	+	1000	45.0	[10.2047415]	[150]	[]	[]	[180291238]	[]
876_8511	chr1	194813092	194813492	+	1000	45.0	[]	[]	[9.53014]	[126]	[]	[194813310]
876_8516	chr1	244254226	244254626	+	874	45.0	[12.570299]	[149]	[]	[]	[244254445]	[]
876_8518	chr10	7151568	7151968	+	1000	45.0	[9.53014, 12.570299]	[63, 100]	[]	[]	[7151730, 7151767]	[]
876_8523	chr10	48484905	48485305	+	1000	45.0	[8.264141]	[98]	[7.764176]	[69]	[48485089]	[48485060]
876_8524	chr10	68081063	68081463	+	931	45.0	[12.570299, 8.182752]	[145, 192]	[]	[]	[68081263, 68081310]	[]
876_8527	chr11	18093936	18094336	+	1000	45.0	[]	[]	[12.570299]	[110]	[]	[18094133]
876_8529	chr11	43747395	43747795	+	1000	45.0	[12.570299]	[92]	[]	[]	[43747575]	[]
876_853	chr8	60160603	60161003	+	1000	152.0	[12.570299]	[130]	[]	[]	[60160833]	[]
876_8530	chr11	65124825	65125225	+	1000	45.0	[]	[]	[10.2047415]	[81]	[]	[65125003]
876_8532	chr11	75508061	75508461	+	1000	45.0	[]	[]	[12.570299]	[113]	[]	[75508268]
876_8533	chr11	93588270	93588670	+	1000	45.0	[]	[]	[10.2047415]	[111]	[]	[93588470]
876_8537	chr12	60266556	60266956	+	1000	45.0	[12.570299, 8.84223]	[97, 152]	[]	[]	[60266749, 60266804]	[]
876_8538	chr12	72639868	72640268	+	1000	45.0	[]	[]	[12.570299]	[91]	[]	[72640056]
876_8539	chr12	118124459	118124859	+	1000	45.0	[9.53014]	[132]	[12.570299]	[91]	[118124687]	[118124646]
876_854	chr8	85944675	85945075	+	1000	152.0	[12.570299]	[97]	[]	[]	[85944866]	[]
876_8551	chr15	79853388	79853788	+	1000	45.0	[]	[]	[8.361351]	[118]	[]	[79853577]
876_8552	chr16	10625943	10626343	+	907	45.0	[12.570299]	[106]	[]	[]	[10626142]	[]
876_8553	chr16	59356574	59356974	+	1000	45.0	[7.578352]	[114]	[]	[]	[59356766]	[]
876_8554	chr16	71837076	71837476	+	1000	45.0	[]	[]	[12.570299]	[146]	[]	[71837296]
876_8555	chr16	71961382	71961782	+	940	45.0	[]	[]	[8.361351]	[104]	[]	[71961577]
876_8558	chr17	68029487	68029887	+	1000	45.0	[8.361351]	[167]	[]	[]	[68029703]	[]
876_856	chr1	147423497	147423897	+	1000	151.5	[12.570299]	[92]	[]	[]	[147423687]	[]
876_8561	chr18	9924436	9924836	+	1000	45.0	[]	[]	[8.009179]	[137]	[]	[9924670]
876_8563	chr19	14821948	14822348	+	1000	45.0	[10.2047415]	[103]	[]	[]	[14822143]	[]
876_8568	chr2	167940817	167941217	+	1000	45.0	[]	[]	[8.009179]	[185]	[]	[167941045]
876_8572	chr2	237892759	237893159	+	983	45.0	[]	[]	[12.570299]	[98]	[]	[237892943]
876_8575	chr21	14241384	14241784	+	1000	45.0	[]	[]	[12.570299, 8.84223]	[107, 114]	[]	[14241571, 14241578]
876_8577	chr22	19045166	19045566	+	1000	45.0	[8.84223]	[145]	[]	[]	[19045364]	[]
876_8588	chr22	22184231	22184631	+	1000	45.0	[8.84223]	[157]	[]	[]	[22184482]	[]
876_8590	chr22	22695579	22695979	+	1000	45.0	[8.361351, 7.676677]	[86, 160]	[]	[]	[22695731, 22695805]	[]
876_8592	chr22	22760878	22761278	+	1000	45.0	[8.182752]	[103]	[]	[]	[22761047]	[]
876_8595	chr22	22948427	22948827	+	1000	45.0	[8.361351]	[137]	[]	[]	[22948634]	[]
876_8604	chr3	32572568	32572968	+	1000	45.0	[]	[]	[12.570299]	[122]	[]	[32572782]
876_8607	chr3	43678295	43678695	+	1000	45.0	[]	[]	[7.5891633]	[158]	[]	[43678534]
876_8609	chr3	69095747	69096147	+	1000	45.0	[9.53014]	[112]	[8.361351]	[126]	[69095934]	[69095948]
876_861	chr5	136563582	136563982	+	1000	151.5	[12.570299]	[91]	[12.570299]	[128]	[136563773]	[136563810]
876_8610	chr3	119638100	119638500	+	1000	45.0	[8.264141]	[126]	[]	[]	[119638315]	[]
876_8614	chr3	178478024	178478424	+	1000	45.0	[12.570299]	[138]	[]	[]	[178478229]	[]
876_8616	chr3	196337433	196337833	+	1000	45.0	[12.570299]	[142]	[]	[]	[196337636]	[]
876_8617	chr3	196650903	196651303	+	1000	45.0	[]	[]	[9.53014]	[146]	[]	[196651120]
876_8618	chr3	197994653	197995053	+	1000	45.0	[]	[]	[12.570299]	[102]	[]	[197994854]
876_862	chr1	220281061	220281461	+	1000	151.0	[]	[]	[12.570299]	[104]	[]	[220281265]
876_8621	chr4	79855083	79855483	+	1000	45.0	[10.2047415, 12.570299]	[62, 151]	[]	[]	[79855236, 79855325]	[]
876_8627	chr6	10469610	10470010	+	1000	45.0	[8.264141]	[127]	[]	[]	[10469822]	[]
876_864	chr20	41003074	41003474	+	1000	151.0	[10.2047415]	[134]	[]	[]	[41003308]	[]
876_8642	chr6	88390924	88391324	+	1000	45.0	[12.570299]	[191]	[]	[]	[88391172]	[]
876_8643	chr6	119310720	119311120	+	1000	45.0	[]	[]	[12.570299, 9.252844]	[100, 114]	[]	[119310916, 119310930]
876_8652	chr7	99979509	99979909	+	1000	45.0	[7.578352, 10.2047415]	[131, 169]	[]	[]	[99979677, 99979715]	[]
876_8657	chr7	127447325	127447725	+	1000	45.0	[12.570299]	[112]	[]	[]	[127447526]	[]
876_8658	chr7	140924305	140924705	+	1000	45.0	[9.53014]	[101]	[]	[]	[140924503]	[]
876_866	chr4	81154011	81154411	+	1000	151.0	[12.570299]	[129]	[]	[]	[81154225]	[]
876_8660	chr8	43050732	43051132	+	1000	45.0	[7.7748694]	[65]	[9.53014]	[150]	[43050893]	[43050978]
876_8661	chr8	47992915	47993315	+	1000	45.0	[10.2047415]	[120]	[]	[]	[47993128]	[]
876_8663	chr8	90090955	90091355	+	1000	45.0	[7.553737, 12.570299]	[95, 108]	[]	[]	[90091134, 90091147]	[]
876_8665	chr8	101607867	101608267	+	1000	45.0	[9.252844]	[135]	[9.252844, 7.5891633]	[132, 161]	[101608070]	[101608067, 101608096]
876_8666	chr8	105565263	105565663	+	1000	45.0	[]	[]	[10.2047415]	[113]	[]	[105565460]
876_8669	chr8	143952020	143952420	+	1000	45.0	[9.252844]	[152]	[]	[]	[143952244]	[]
876_867	chr5	131996756	131997156	+	1000	151.0	[12.570299]	[117]	[]	[]	[131996972]	[]
876_8671	chr9	27462541	27462941	+	1000	45.0	[]	[]	[12.570299]	[103]	[]	[27462734]
876_8672	chr9	76290227	76290627	+	1000	45.0	[]	[]	[8.361351]	[116]	[]	[76290433]
876_8674	chr9	130910396	130910796	+	1000	45.0	[10.2047415]	[173]	[]	[]	[130910633]	[]
876_8675	chr9	131010870	131011270	+	1000	45.0	[]	[]	[9.53014]	[159]	[]	[131011090]
876_8678	chr9	131201590	131201990	+	1000	45.0	[8.361351]	[69]	[]	[]	[131201744]	[]
876_8680	chrX	24025425	24025825	+	1000	45.0	[]	[]	[12.570299]	[102]	[]	[24025623]
876_8684	chr1	18429656	18430056	+	977	44.5	[9.53014]	[129]	[]	[]	[18429843]	[]
876_8685	chr1	30128950	30129350	+	957	44.5	[8.361351]	[108]	[]	[]	[30129151]	[]
876_8687	chr1	43405256	43405656	+	1000	44.5	[]	[]	[9.53014]	[159]	[]	[43405455]
876_8688	chr1	75693462	75693862	+	1000	44.5	[]	[]	[12.570299]	[120]	[]	[75693677]
876_869	chr7	139044157	139044557	+	1000	151.0	[12.570299]	[127]	[]	[]	[139044364]	[]
876_8690	chr1	111417746	111418146	+	1000	44.5	[12.570299, 12.570299]	[93, 138]	[]	[]	[111417932, 111417977]	[]
876_8701	chr10	34319496	34319896	+	1000	44.5	[12.570299]	[150]	[]	[]	[34319720]	[]
876_8702	chr10	40131226	40131626	+	973	44.5	[]	[]	[9.53014]	[87]	[]	[40131401]
876_8704	chr10	70843753	70844153	+	1000	44.5	[]	[]	[12.570299]	[117]	[]	[70843940]
876_8705	chr10	72694746	72695146	+	1000	44.5	[10.2047415]	[118]	[]	[]	[72694934]	[]
876_871	chr10	28806355	28806755	+	1000	150.5	[12.570299]	[127]	[]	[]	[28806580]	[]
876_8711	chr11	75372280	75372680	+	1000	44.5	[8.361351]	[94]	[]	[]	[75372468]	[]
876_8712	chr11	82782764	82783164	+	1000	44.5	[]	[]	[8.84223]	[163]	[]	[82783000]
876_8714	chr12	587875	588275	+	764	44.5	[12.570299]	[112]	[]	[]	[588070]	[]
876_8715	chr12	10745011	10745411	+	543	44.5	[12.570299]	[98]	[]	[]	[10745206]	[]
876_8717	chr12	62006062	62006462	+	1000	44.5	[]	[]	[8.361351]	[133]	[]	[62006284]
876_872	chr10	110426160	110426560	+	1000	150.5	[8.361351]	[121]	[12.570299]	[101]	[110426375]	[110426355]
876_8723	chr13	17028999	17029399	+	1000	44.5	[]	[]	[12.570299]	[178]	[]	[17029232]
876_8724	chr13	75431913	75432313	+	1000	44.5	[7.578352]	[124]	[]	[]	[75432121]	[]
876_8728	chr13	107918455	107918855	+	1000	44.5	[]	[]	[7.7748694]	[210]	[]	[107918683]
876_8729	chr13	107988971	107989371	+	1000	44.5	[]	[]	[7.5891633]	[161]	[]	[107989148]
876_8734	chr15	58393162	58393562	+	1000	44.5	[9.252844]	[150]	[]	[]	[58393387]	[]
876_8736	chr15	77415492	77415892	+	1000	44.5	[]	[]	[10.2047415]	[116]	[]	[77415679]
876_8738	chr16	13936518	13936918	+	608	44.5	[]	[]	[12.570299]	[147]	[]	[13936742]
876_874	chr3	33936274	33936674	+	1000	150.5	[12.570299]	[90]	[]	[]	[33936457]	[]
876_8740	chr16	85377563	85377963	+	1000	44.5	[12.570299]	[111]	[]	[]	[85377761]	[]
876_8742	chr17	40114623	40115023	+	1000	44.5	[]	[]	[12.570299]	[108]	[]	[40114815]
876_8746	chr19	10740863	10741263	+	1000	44.5	[9.252844]	[122]	[]	[]	[10741069]	[]
876_875	chr7	91759244	91759644	+	1000	150.5	[12.570299]	[108]	[]	[]	[91759452]	[]
876_8750	chr2	23916639	23917039	+	613	44.5	[8.182752]	[129]	[]	[]	[23916847]	[]
876_8751	chr2	39138171	39138571	+	1000	44.5	[]	[]	[8.361351]	[156]	[]	[39138401]
876_8752	chr2	48284871	48285271	+	1000	44.5	[12.570299]	[95]	[]	[]	[48285038]	[]
876_8755	chr2	69683184	69683584	+	1000	44.5	[]	[]	[12.570299]	[102]	[]	[69683380]
876_8757	chr2	108612617	108613017	+	986	44.5	[]	[]	[12.570299]	[103]	[]	[108612814]
876_8758	chr2	118748481	118748881	+	1000	44.5	[9.53014]	[135]	[]	[]	[118748676]	[]
876_8759	chr2	128442424	128442824	+	1000	44.5	[12.570299]	[105]	[]	[]	[128442628]	[]
876_8762	chr2	168908324	168908724	+	1000	44.5	[]	[]	[8.361351]	[83]	[]	[168908502]
876_8764	chr2	190334971	190335371	+	1000	44.5	[]	[]	[8.264141]	[98]	[]	[190335163]
876_8765	chr2	201182583	201182983	+	1000	44.5	[7.764176]	[112]	[9.53014]	[83]	[201182787]	[201182758]
876_8771	chr22	16660585	16660985	+	1000	44.5	[12.570299]	[149]	[]	[]	[16660832]	[]
876_8772	chr22	19371885	19372285	+	1000	44.5	[]	[]	[12.570299]	[202]	[]	[19372118]
876_8776	chr22	22057043	22057443	+	1000	44.5	[]	[]	[12.570299]	[158]	[]	[22057271]
876_8788	chr3	11653485	11653885	+	1000	44.5	[10.2047415]	[105]	[]	[]	[11653684]	[]
876_8791	chr3	71379971	71380371	+	1000	44.5	[10.2047415]	[93]	[]	[]	[71380159]	[]
876_8799	chr4	5593832	5594232	+	1000	44.5	[12.570299]	[128]	[]	[]	[5594050]	[]
876_8803	chr4	112170337	112170737	+	1000	44.5	[8.361351]	[172]	[]	[]	[112170573]	[]
876_8809	chr5	143209841	143210241	+	878	44.5	[10.2047415]	[86]	[]	[]	[143210024]	[]
876_8811	chr5	149943086	149943486	+	1000	44.5	[8.361351]	[125]	[]	[]	[149943295]	[]
876_8813	chr5	163505762	163506162	+	1000	44.5	[]	[]	[9.53014]	[78]	[]	[163505921]
876_8814	chr6	13987059	13987459	+	1000	44.5	[]	[]	[7.7748694]	[78]	[]	[13987231]
876_8816	chr6	27834854	27835254	+	1000	44.5	[7.5891633]	[155]	[]	[]	[27835028]	[]
876_8818	chr6	29442768	29443168	+	1000	44.5	[]	[]	[7.553737]	[141]	[]	[29442989]
876_882	chr9	97232115	97232515	+	1000	150.0	[8.84223]	[143]	[8.361351]	[95]	[97232347]	[97232299]
876_8821	chr6	43367495	43367895	+	1000	44.5	[12.570299]	[107]	[]	[]	[43367695]	[]
876_8822	chr6	47650514	47650914	+	1000	44.5	[]	[]	[8.361351]	[109]	[]	[47650711]
876_8823	chr6	84667811	84668211	+	917	44.5	[8.182752, 12.570299]	[160, 172]	[8.264141]	[118]	[84668042, 84668054]	[84668000]
876_8824	chr6	90753813	90754213	+	1000	44.5	[8.361351]	[94]	[]	[]	[90754004]	[]
876_8827	chr6	150323185	150323585	+	712	44.5	[]	[]	[9.53014]	[127]	[]	[150323382]
876_8828	chr7	7652246	7652646	+	1000	44.5	[]	[]	[12.570299]	[102]	[]	[7652434]
876_8829	chr7	12398238	12398638	+	1000	44.5	[]	[]	[8.361351]	[114]	[]	[12398449]
876_8830	chr7	16318886	16319286	+	1000	44.5	[12.570299]	[140]	[8.84223]	[121]	[16319103]	[16319084]
876_8832	chr7	91173702	91174102	+	1000	44.5	[12.570299]	[118]	[]	[]	[91173912]	[]
876_8833	chr7	100479004	100479404	+	1000	44.5	[]	[]	[8.361351]	[108]	[]	[100479205]
876_8838	chr7	107035430	107035830	+	1000	44.5	[8.009179]	[98]	[]	[]	[107035614]	[]
876_8839	chr7	116952677	116953077	+	703	44.5	[10.2047415]	[138]	[]	[]	[116952840]	[]
876_884	chr13	50245082	50245482	+	1000	149.5	[7.553737]	[120]	[]	[]	[50245287]	[]
876_8840	chr7	118109620	118110020	+	944	44.5	[9.252844]	[120]	[]	[]	[118109814]	[]
876_8843	chr7	134088184	134088584	+	1000	44.5	[12.570299, 10.2047415]	[117, 178]	[]	[]	[134088373, 134088434]	[]
876_8846	chr8	52629408	52629808	+	954	44.5	[8.361351]	[99]	[]	[]	[52629605]	[]
876_8847	chr8	104793304	104793704	+	1000	44.5	[8.361351]	[88]	[]	[]	[104793491]	[]
876_8848	chr9	12784478	12784878	+	645	44.5	[]	[]	[9.53014]	[136]	[]	[12784704]
876_8851	chr9	68969584	68969984	+	1000	44.5	[12.570299, 9.53014]	[91, 121]	[]	[]	[68969763, 68969793]	[]
876_8852	chr9	72322711	72323111	+	821	44.5	[8.361351]	[130]	[]	[]	[72322930]	[]
876_8854	chr9	98265978	98266378	+	1000	44.5	[12.570299]	[148]	[]	[]	[98266199]	[]
876_886	chr6	160801948	160802348	+	1000	149.5	[]	[]	[8.361351]	[97]	[]	[160802137]
876_8860	chr9	127129326	127129726	+	1000	44.5	[]	[]	[9.53014]	[109]	[]	[127129520]
876_8861	chr9	130808566	130808966	+	989	44.5	[]	[]	[7.677661]	[177]	[]	[130808750]
876_8864	chr9	131231555	131231955	+	645	44.5	[8.264141]	[130]	[]	[]	[131231736]	[]
876_8866	chrX	39815701	39816101	+	1000	44.5	[]	[]	[10.2047415]	[120]	[]	[39815917]
876_887	chr11	94237857	94238257	+	1000	149.0	[]	[]	[12.570299]	[108]	[]	[94238063]
876_8870	chr1	12549844	12550244	+	1000	44.0	[]	[]	[12.570299]	[169]	[]	[12550080]
876_8872	chr1	28395264	28395664	+	1000	44.0	[]	[]	[8.84223]	[165]	[]	[28395511]
876_8873	chr1	28919130	28919530	+	1000	44.0	[12.570299]	[180]	[]	[]	[28919374]	[]
876_8876	chr1	52613820	52614220	+	1000	44.0	[9.53014, 8.84223]	[62, 69]	[7.5891633]	[98]	[52613972, 52613979]	[52614008]
876_8877	chr1	56821335	56821735	+	628	44.0	[12.570299]	[110]	[]	[]	[56821539]	[]
876_8879	chr1	110890681	110891081	+	1000	44.0	[]	[]	[8.264141]	[214]	[]	[110890925]
876_888	chr4	88216402	88216802	+	1000	149.0	[8.361351]	[99]	[]	[]	[88216595]	[]
876_8883	chr1	179977148	179977548	+	1000	44.0	[10.2047415]	[172]	[]	[]	[179977396]	[]
876_8888	chr1	207828348	207828748	+	1000	44.0	[7.764176]	[207]	[]	[]	[207828586]	[]
876_889	chr4	112099693	112100093	+	1000	149.0	[12.570299, 7.7748694]	[117, 142]	[7.764176]	[159]	[112099895, 112099920]	[112099937]
876_8890	chr1	236517226	236517626	+	1000	44.0	[12.570299]	[113]	[]	[]	[236517431]	[]
876_8891	chr1	246332022	246332422	+	1000	44.0	[8.361351]	[139]	[]	[]	[246332217]	[]
876_8892	chr10	267054	267454	+	1000	44.0	[]	[]	[8.361351]	[67]	[]	[267221]
876_8895	chr10	6445738	6446138	+	1000	44.0	[12.570299]	[79]	[]	[]	[6445916]	[]
876_8897	chr10	49079933	49080333	+	1000	44.0	[8.361351]	[147]	[]	[]	[49080179]	[]
876_8903	chr10	96943218	96943618	+	971	44.0	[]	[]	[9.53014]	[100]	[]	[96943405]
876_8906	chr11	7079785	7080185	+	1000	44.0	[]	[]	[12.570299]	[146]	[]	[7080021]
876_8907	chr11	19995059	19995459	+	1000	44.0	[7.764176]	[95]	[9.53014]	[73]	[19995244]	[19995222]
876_891	chr8	73240464	73240864	+	1000	149.0	[]	[]	[12.570299]	[86]	[]	[73240632]
876_8910	chr11	71994859	71995259	+	1000	44.0	[12.570299]	[89]	[7.578352]	[97]	[71995025]	[71995033]
876_8914	chr11	94236379	94236779	+	1000	44.0	[]	[]	[8.009179]	[146]	[]	[94236619]
876_8915	chr11	95020111	95020511	+	633	44.0	[7.553737, 12.570299]	[95, 108]	[]	[]	[95020303, 95020316]	[]
876_8918	chr12	70013325	70013725	+	969	44.0	[12.570299]	[99]	[]	[]	[70013520]	[]
876_8919	chr12	87789484	87789884	+	1000	44.0	[]	[]	[9.252844]	[98]	[]	[87789670]
876_892	chr9	127955377	127955777	+	1000	149.0	[]	[]	[10.2047415]	[96]	[]	[127955572]
876_8920	chr12	122082981	122083381	+	1000	44.0	[]	[]	[9.252844]	[73]	[]	[122083148]
876_8923	chr13	90866529	90866929	+	1000	44.0	[9.252844]	[182]	[]	[]	[90866777]	[]
876_8929	chr13	94662380	94662780	+	958	44.0	[12.570299]	[84]	[]	[]	[94662545]	[]
876_8931	chr13	107882300	107882700	+	1000	44.0	[8.009179]	[136]	[]	[]	[107882516]	[]
876_8934	chr14	30967297	30967697	+	1000	44.0	[12.570299]	[110]	[]	[]	[30967507]	[]
876_8938	chr15	64938180	64938580	+	1000	44.0	[]	[]	[10.2047415]	[119]	[]	[64938382]
876_8942	chr15	97295660	97296060	+	1000	44.0	[]	[]	[12.570299]	[89]	[]	[97295846]
876_8945	chr16	56764755	56765155	+	1000	44.0	[]	[]	[12.570299]	[121]	[]	[56764928]
876_8947	chr16	81849874	81850274	+	606	44.0	[12.570299]	[93]	[]	[]	[81850067]	[]
876_895	chr5	104079738	104080138	+	1000	148.5	[]	[]	[12.570299]	[77]	[]	[104079910]
876_8953	chr17	28860348	28860748	+	1000	44.0	[]	[]	[8.361351]	[128]	[]	[28860517]
876_8962	chr19	45273200	45273600	+	950	44.0	[]	[]	[8.361351]	[140]	[]	[45273404]
876_8964	chr19	49570169	49570569	+	1000	44.0	[]	[]	[10.2047415]	[166]	[]	[49570419]
876_8967	chr2	38081480	38081880	+	1000	44.0	[7.553737, 10.2047415]	[98, 111]	[]	[]	[38081677, 38081690]	[]
876_8969	chr2	45805034	45805434	+	776	44.0	[10.2047415]	[104]	[]	[]	[45805233]	[]
876_8971	chr2	68915425	68915825	+	1000	44.0	[]	[]	[9.53014]	[113]	[]	[68915622]
876_8972	chr2	99609680	99610080	+	1000	44.0	[7.677661]	[112]	[7.677661]	[111]	[99609874]	[99609873]
876_8973	chr2	148614641	148615041	+	1000	44.0	[8.84223]	[196]	[]	[]	[148614844]	[]
876_8976	chr2	173753423	173753823	+	1000	44.0	[12.570299]	[141]	[]	[]	[173753648]	[]
876_8977	chr2	186460472	186460872	+	946	44.0	[12.570299]	[160]	[]	[]	[186460706]	[]
876_8979	chr20	34689404	34689804	+	1000	44.0	[]	[]	[12.570299]	[110]	[]	[34689610]
876_8981	chr20	50504323	50504723	+	1000	44.0	[12.570299]	[104]	[]	[]	[50504509]	[]
876_8982	chr20	61956352	61956752	+	1000	44.0	[]	[]	[8.361351]	[142]	[]	[61956588]
876_8987	chr22	21101090	21101490	+	1000	44.0	[]	[]	[8.009179]	[137]	[]	[21101325]
876_8997	chr22	23138015	23138415	+	1000	44.0	[7.7748694]	[129]	[]	[]	[23138203]	[]
876_90	chr19	2263537	2263937	+	1000	432.5	[]	[]	[12.570299]	[68]	[]	[2263703]
876_9001	chr3	9884454	9884854	+	1000	44.0	[]	[]	[9.252844]	[121]	[]	[9884654]
876_9007	chr3	32969639	32970039	+	1000	44.0	[12.570299]	[106]	[8.84223]	[118]	[32969838]	[32969850]
876_901	chr22	31227841	31228241	+	1000	148.0	[9.252844]	[146]	[]	[]	[31228076]	[]
876_9011	chr3	130138342	130138742	+	1000	44.0	[7.553737, 12.570299]	[84, 97]	[]	[]	[130138505, 130138518]	[]
876_9012	chr3	132376624	132377024	+	1000	44.0	[]	[]	[12.570299]	[105]	[]	[132376788]
876_9015	chr3	170588901	170589301	+	1000	44.0	[12.570299]	[128]	[]	[]	[170589119]	[]
876_9021	chr4	80064308	80064708	+	1000	44.0	[]	[]	[12.570299]	[107]	[]	[80064514]
876_9022	chr4	126735302	126735702	+	1000	44.0	[8.84223]	[142]	[8.264141]	[119]	[126735515]	[126735492]
876_9023	chr5	10576419	10576819	+	1000	44.0	[12.570299]	[145]	[]	[]	[10576655]	[]
876_9024	chr5	27471927	27472327	+	1000	44.0	[]	[]	[12.570299]	[108]	[]	[27472122]
876_9025	chr5	33540059	33540459	+	731	44.0	[12.570299]	[131]	[]	[]	[33540287]	[]
876_9027	chr5	54315718	54316118	+	1000	44.0	[]	[]	[10.2047415]	[94]	[]	[54315884]
876_9028	chr5	67963832	67964232	+	681	44.0	[]	[]	[8.182752]	[121]	[]	[67964030]
876_9029	chr5	68423249	68423649	+	1000	44.0	[8.009179]	[215]	[]	[]	[68423471]	[]
876_9032	chr5	95664244	95664644	+	1000	44.0	[12.570299]	[114]	[]	[]	[95664417]	[]
876_9034	chr5	103109026	103109426	+	1000	44.0	[]	[]	[12.570299]	[104]	[]	[103109229]
876_9035	chr5	109707481	109707881	+	1000	44.0	[12.570299]	[103]	[]	[]	[109707677]	[]
876_9036	chr5	116371944	116372344	+	656	44.0	[9.53014]	[122]	[]	[]	[116372095]	[]
876_9041	chr6	7991802	7992202	+	1000	44.0	[]	[]	[8.361351]	[131]	[]	[7991959]
876_9042	chr6	10643123	10643523	+	1000	44.0	[8.182752]	[92]	[7.7748694]	[113]	[10643303]	[10643324]
876_9043	chr6	13671750	13672150	+	1000	44.0	[]	[]	[10.2047415]	[213]	[]	[13671992]
876_905	chr10	32795576	32795976	+	1000	147.0	[12.570299]	[150]	[]	[]	[32795807]	[]
876_9051	chr6	37174642	37175042	+	949	44.0	[7.677661]	[153]	[9.252844]	[133]	[37174874]	[37174854]
876_9052	chr6	43971137	43971537	+	1000	44.0	[7.676677]	[143]	[]	[]	[43971353]	[]
876_9053	chr6	44074378	44074778	+	1000	44.0	[9.252844]	[218]	[]	[]	[44074609]	[]
876_9056	chr6	111195626	111196026	+	1000	44.0	[9.252844]	[97]	[]	[]	[111195820]	[]
876_9057	chr6	134287921	134288321	+	1000	44.0	[8.182752]	[64]	[12.570299]	[92]	[134288073]	[134288101]
876_9058	chr6	135096794	135097194	+	981	44.0	[8.361351]	[122]	[]	[]	[135097003]	[]
876_906	chr11	86134668	86135068	+	1000	147.0	[7.7748694]	[112]	[]	[]	[86134876]	[]
876_9061	chr7	2757942	2758342	+	1000	44.0	[8.84223]	[105]	[7.7748694]	[88]	[2758142]	[2758125]
876_9063	chr7	16492484	16492884	+	1000	44.0	[7.553737]	[98]	[]	[]	[16492662]	[]
876_9064	chr7	22673277	22673677	+	1000	44.0	[8.361351]	[97]	[]	[]	[22673456]	[]
876_9066	chr7	30419821	30420221	+	757	44.0	[]	[]	[12.570299]	[139]	[]	[30420032]
876_907	chr13	93200588	93200988	+	1000	147.0	[9.252844]	[150]	[9.252844]	[147]	[93200820]	[93200817]
876_9072	chr7	138044899	138045299	+	1000	44.0	[10.2047415]	[97]	[12.570299]	[59]	[138045094]	[138045056]
876_9073	chr7	139183953	139184353	+	1000	44.0	[12.570299]	[118]	[]	[]	[139184160]	[]
876_9074	chr7	149127876	149128276	+	1000	44.0	[]	[]	[12.570299]	[114]	[]	[149128052]
876_9078	chr8	58674927	58675327	+	1000	44.0	[7.676677]	[103]	[10.2047415]	[79]	[58675129]	[58675105]
876_908	chr5	134526739	134527139	+	1000	147.0	[]	[]	[12.570299]	[102]	[]	[134526940]
876_9080	chr8	70388488	70388888	+	1000	44.0	[9.53014]	[88]	[]	[]	[70388667]	[]
876_9082	chr8	95269473	95269873	+	1000	44.0	[]	[]	[8.361351]	[147]	[]	[95269631]
876_9083	chr8	101207347	101207747	+	1000	44.0	[7.676677]	[113]	[9.53014]	[90]	[101207558]	[101207535]
876_9084	chr8	107287429	107287829	+	991	44.0	[8.264141]	[179]	[8.264141]	[197]	[107287641]	[107287659]
876_9085	chr9	38195663	38196063	+	1000	44.0	[12.570299]	[179]	[]	[]	[38195891]	[]
876_9086	chr9	94276971	94277371	+	1000	44.0	[8.84223]	[109]	[]	[]	[94277148]	[]
876_9087	chr9	95504003	95504403	+	1000	44.0	[10.2047415]	[81]	[]	[]	[95504165]	[]
876_9089	chr9	130736139	130736539	+	1000	44.0	[7.676677]	[126]	[8.264141]	[140]	[130736307]	[130736321]
876_9091	chr9	130904763	130905163	+	1000	44.0	[]	[]	[12.570299]	[162]	[]	[130904996]
876_9097	chrX	42004562	42004962	+	1000	44.0	[12.570299]	[113]	[]	[]	[42004767]	[]
876_91	chr2	157929893	157930293	+	1000	432.5	[9.53014]	[97]	[9.252844]	[85]	[157930083]	[157930071]
876_9100	chrX	130573031	130573431	+	1000	44.0	[]	[]	[12.570299]	[93]	[]	[130573223]
876_9102	chrX	153296453	153296853	+	1000	44.0	[]	[]	[12.570299]	[99]	[]	[153296634]
876_9104	chr1	24114740	24115140	+	1000	43.5	[12.570299]	[132]	[8.361351]	[86]	[24114948]	[24114902]
876_9108	chr1	46420173	46420573	+	1000	43.5	[]	[]	[9.252844, 12.570299]	[135, 162]	[]	[46420371, 46420398]
876_9109	chr1	46442313	46442713	+	929	43.5	[9.252844]	[99]	[]	[]	[46442490]	[]
876_911	chr15	38438311	38438711	+	1000	146.5	[]	[]	[8.361351]	[84]	[]	[38438483]
876_9111	chr1	70864345	70864745	+	1000	43.5	[12.570299]	[144]	[]	[]	[70864557]	[]
876_9112	chr1	85297902	85298302	+	1000	43.5	[]	[]	[8.361351]	[92]	[]	[85298091]
876_9114	chr1	94808040	94808440	+	877	43.5	[9.53014]	[115]	[]	[]	[94808239]	[]
876_9115	chr1	99808613	99809013	+	1000	43.5	[10.2047415]	[107]	[]	[]	[99808820]	[]
876_9116	chr1	111883413	111883813	+	883	43.5	[]	[]	[12.570299]	[112]	[]	[111883612]
876_9118	chr1	153750592	153750992	+	1000	43.5	[8.361351, 7.7748694]	[107, 151]	[]	[]	[153750791, 153750835]	[]
876_9119	chr1	156191345	156191745	+	1000	43.5	[10.2047415]	[115]	[12.570299]	[132]	[156191557]	[156191574]
876_9123	chr1	186442521	186442921	+	836	43.5	[]	[]	[12.570299]	[99]	[]	[186442720]
876_9124	chr1	202484046	202484446	+	1000	43.5	[]	[]	[10.2047415]	[113]	[]	[202484203]
876_9128	chr1	223313399	223313799	+	1000	43.5	[10.2047415]	[138]	[]	[]	[223313598]	[]
876_9129	chr1	224065367	224065767	+	1000	43.5	[12.570299]	[108]	[]	[]	[224065566]	[]
876_9134	chr1	236163057	236163457	+	1000	43.5	[]	[]	[10.2047415]	[106]	[]	[236163250]
876_9135	chr1	241976314	241976714	+	1000	43.5	[8.361351]	[104]	[]	[]	[241976505]	[]
876_9136	chr1	244347309	244347709	+	1000	43.5	[12.570299]	[131]	[]	[]	[244347525]	[]
876_9141	chr10	69086759	69087159	+	1000	43.5	[]	[]	[10.2047415]	[99]	[]	[69086934]
876_9142	chr10	73798634	73799034	+	1000	43.5	[]	[]	[10.2047415]	[102]	[]	[73798825]
876_9146	chr11	3379181	3379581	+	1000	43.5	[]	[]	[10.2047415, 9.53014]	[136, 166]	[]	[3379397, 3379427]
876_9148	chr11	36564970	36565370	+	1000	43.5	[12.570299]	[160]	[]	[]	[36565175]	[]
876_9156	chr12	65695499	65695899	+	1000	43.5	[8.182752]	[124]	[]	[]	[65695721]	[]
876_9158	chr12	101855290	101855690	+	1000	43.5	[]	[]	[8.182752]	[128]	[]	[101855506]
876_9159	chr12	106976283	106976683	+	1000	43.5	[]	[]	[9.53014]	[195]	[]	[106976530]
876_9160	chr12	119672172	119672572	+	562	43.5	[]	[]	[8.264141]	[156]	[]	[119672411]
876_9161	chr12	124130666	124131066	+	1000	43.5	[]	[]	[10.2047415]	[104]	[]	[124130864]
876_9162	chr12	126903428	126903828	+	964	43.5	[]	[]	[8.84223]	[60]	[]	[126903584]
876_9163	chr13	24957147	24957547	+	1000	43.5	[8.361351]	[102]	[]	[]	[24957345]	[]
876_9166	chr13	93239933	93240333	+	739	43.5	[]	[]	[8.361351]	[218]	[]	[93240183]
876_9167	chr13	93251885	93252285	+	1000	43.5	[8.182752]	[141]	[]	[]	[93252097]	[]
876_917	chr15	73631091	73631491	+	1000	146.0	[]	[]	[8.361351]	[99]	[]	[73631281]
876_9175	chr14	20820514	20820914	+	1000	43.5	[8.361351]	[99]	[]	[]	[20820704]	[]
876_9176	chr14	56284643	56285043	+	1000	43.5	[9.53014]	[134]	[]	[]	[56284866]	[]
876_9177	chr14	92853106	92853506	+	1000	43.5	[12.570299]	[88]	[]	[]	[92853294]	[]
876_918	chr18	36815030	36815430	+	1000	146.0	[8.361351]	[107]	[]	[]	[36815234]	[]
876_9182	chr16	19093474	19093874	+	1000	43.5	[12.570299]	[105]	[]	[]	[19093675]	[]
876_9185	chr16	81977599	81977999	+	1000	43.5	[12.570299]	[148]	[]	[]	[81977823]	[]
876_9186	chr17	6599347	6599747	+	1000	43.5	[12.570299]	[85]	[]	[]	[6599532]	[]
876_9189	chr17	65092247	65092647	+	1000	43.5	[12.570299]	[157]	[]	[]	[65092490]	[]
876_9195	chr19	5128565	5128965	+	1000	43.5	[]	[]	[12.570299]	[140]	[]	[5128801]
876_9196	chr19	42696119	42696519	+	1000	43.5	[]	[]	[12.570299]	[146]	[]	[42696342]
876_9199	chr2	26533998	26534398	+	1000	43.5	[10.2047415]	[134]	[]	[]	[26534219]	[]
876_92	chr10	91591342	91591742	+	1000	430.0	[]	[]	[12.570299]	[79]	[]	[91591520]
876_920	chr6	106764603	106765003	+	1000	146.0	[12.570299]	[97]	[]	[]	[106764793]	[]
876_9201	chr2	78541743	78542143	+	1000	43.5	[9.252844]	[122]	[]	[]	[78541962]	[]
876_9206	chr2	159613463	159613863	+	611	43.5	[]	[]	[12.570299]	[91]	[]	[159613630]
876_9208	chr2	231058733	231059133	+	1000	43.5	[]	[]	[12.570299]	[109]	[]	[231058932]
876_921	chr6	111908359	111908759	+	1000	146.0	[]	[]	[12.570299]	[103]	[]	[111908548]
876_9210	chr20	30290200	30290600	+	1000	43.5	[]	[]	[10.2047415]	[162]	[]	[30290415]
876_9211	chr22	19631958	19632358	+	1000	43.5	[]	[]	[7.7748694]	[86]	[]	[19632118]
876_9212	chr22	20004466	20004866	+	1000	43.5	[7.5891633]	[152]	[]	[]	[20004661]	[]
876_9214	chr22	20675054	20675454	+	898	43.5	[]	[]	[9.53014]	[149]	[]	[20675231]
876_9215	chr22	20805989	20806389	+	1000	43.5	[]	[]	[7.578352]	[152]	[]	[20806159]
876_9218	chr22	22500994	22501394	+	567	43.5	[]	[]	[7.7748694]	[186]	[]	[22501243]
876_9219	chr22	22761468	22761868	+	1000	43.5	[8.182752]	[131]	[]	[]	[22761660]	[]
876_922	chr1	198669058	198669458	+	1000	145.5	[]	[]	[12.570299]	[100]	[]	[198669257]
876_9220	chr22	23009874	23010274	+	1000	43.5	[8.84223]	[143]	[]	[]	[23010072]	[]
876_9223	chr3	15378126	15378526	+	996	43.5	[8.264141]	[134]	[]	[]	[15378358]	[]
876_9227	chr3	43687068	43687468	+	1000	43.5	[]	[]	[10.2047415]	[197]	[]	[43687276]
876_9229	chr3	107264810	107265210	+	1000	43.5	[]	[]	[10.2047415]	[124]	[]	[107265023]
876_923	chr11	95543180	95543580	+	1000	145.5	[]	[]	[9.252844, 7.676677]	[85, 155]	[]	[95543361, 95543431]
876_9234	chr4	102439875	102440275	+	1000	43.5	[9.252844]	[104]	[8.361351]	[176]	[102440049]	[102440121]
876_9235	chr4	119092965	119093365	+	1000	43.5	[12.570299, 8.361351]	[94, 114]	[]	[]	[119093159, 119093179]	[]
876_9238	chr5	76181038	76181438	+	864	43.5	[]	[]	[12.570299]	[138]	[]	[76181246]
876_9241	chr6	6686059	6686459	+	996	43.5	[10.2047415]	[88]	[]	[]	[6686217]	[]
876_925	chr14	34539472	34539872	+	1000	145.5	[]	[]	[12.570299]	[114]	[]	[34539677]
876_9255	chr6	53357478	53357878	+	1000	43.5	[]	[]	[7.7748694, 10.2047415]	[74, 116]	[]	[53357643, 53357685]
876_9261	chr6	111478714	111479114	+	1000	43.5	[]	[]	[8.84223, 10.2047415]	[103, 141]	[]	[111478901, 111478939]
876_9263	chr6	135094573	135094973	+	809	43.5	[]	[]	[8.009179]	[130]	[]	[135094800]
876_9266	chr6	149895265	149895665	+	1000	43.5	[]	[]	[12.570299]	[121]	[]	[149895478]
876_9269	chr7	27614120	27614520	+	1000	43.5	[8.84223, 10.2047415]	[84, 157]	[]	[]	[27614294, 27614367]	[]
876_9270	chr7	29580180	29580580	+	1000	43.5	[12.570299]	[127]	[]	[]	[29580402]	[]
876_9271	chr7	39565546	39565946	+	1000	43.5	[]	[]	[8.361351]	[155]	[]	[39565771]
876_9273	chr7	87892356	87892756	+	1000	43.5	[10.2047415, 10.2047415]	[83, 135]	[]	[]	[87892538, 87892590]	[]
876_9276	chr7	112876930	112877330	+	771	43.5	[7.764176]	[134]	[7.764176, 10.2047415]	[133, 166]	[112877139]	[112877138, 112877171]
876_9280	chr7	123894780	123895180	+	1000	43.5	[12.570299]	[97]	[]	[]	[123894967]	[]
876_9282	chr7	157138177	157138577	+	1000	43.5	[10.2047415]	[150]	[9.252844, 10.2047415]	[140, 155]	[157138390]	[157138380, 157138395]
876_9284	chr8	11350350	11350750	+	1000	43.5	[]	[]	[7.764176]	[151]	[]	[11350581]
876_929	chr8	11820323	11820723	+	1000	145.5	[]	[]	[12.570299]	[116]	[]	[11820529]
876_9290	chr8	140618949	140619349	+	1000	43.5	[7.677661]	[138]	[7.677661]	[137]	[140619165]	[140619164]
876_9291	chr9	109010653	109011053	+	1000	43.5	[]	[]	[12.570299]	[97]	[]	[109010824]
876_9293	chr9	121322317	121322717	+	1000	43.5	[8.84223]	[92]	[]	[]	[121322508]	[]
876_9296	chr9	131217883	131218283	+	1000	43.5	[12.570299]	[118]	[7.764176]	[180]	[131218053]	[131218115]
876_9299	chrUn_KI270742v1	15275	15675	+	951	43.5	[8.009179]	[123]	[7.677661]	[169]	[15465]	[15511]
876_9305	chr1	25506858	25507258	+	1000	43.0	[12.570299]	[100]	[]	[]	[25507054]	[]
876_9307	chr1	42823063	42823463	+	1000	43.0	[8.361351]	[118]	[]	[]	[42823279]	[]
876_9310	chr1	64922526	64922926	+	1000	43.0	[12.570299]	[134]	[]	[]	[64922745]	[]
876_9311	chr1	65178279	65178679	+	1000	43.0	[]	[]	[12.570299]	[84]	[]	[65178450]
876_9314	chr1	167829916	167830316	+	1000	43.0	[]	[]	[10.2047415]	[128]	[]	[167830133]
876_9315	chr1	168321931	168322331	+	1000	43.0	[8.361351]	[110]	[]	[]	[168322138]	[]
876_9316	chr1	180585519	180585919	+	804	43.0	[]	[]	[10.2047415]	[161]	[]	[180585713]
876_9318	chr1	182359276	182359676	+	1000	43.0	[12.570299]	[168]	[]	[]	[182359512]	[]
876_932	chrX	71464968	71465368	+	1000	145.0	[10.2047415]	[137]	[]	[]	[71465180]	[]
876_9320	chr1	202938511	202938911	+	1000	43.0	[]	[]	[7.676677]	[156]	[]	[202938714]
876_9323	chr1	234718144	234718544	+	1000	43.0	[9.53014]	[81]	[]	[]	[234718320]	[]
876_9324	chr1	248528194	248528594	+	1000	43.0	[12.570299]	[170]	[]	[]	[248528424]	[]
876_9327	chr10	22733920	22734320	+	1000	43.0	[]	[]	[12.570299]	[104]	[]	[22734123]
876_933	chr1	57227265	57227665	+	1000	144.5	[10.2047415]	[99]	[]	[]	[57227455]	[]
876_9331	chr10	63562456	63562856	+	1000	43.0	[]	[]	[8.361351]	[96]	[]	[63562640]
876_9338	chr11	94737309	94737709	+	1000	43.0	[]	[]	[12.570299]	[131]	[]	[94737539]
876_9341	chr12	34022196	34022596	+	1000	43.0	[7.5891633]	[113]	[]	[]	[34022382]	[]
876_9342	chr12	46546920	46547320	+	646	43.0	[9.53014]	[90]	[]	[]	[46547094]	[]
876_9345	chr12	55729939	55730339	+	1000	43.0	[9.252844]	[90]	[9.252844]	[87]	[55730099]	[55730096]
876_9350	chr13	17334926	17335326	+	1000	43.0	[]	[]	[7.7748694]	[60]	[]	[17335085]
876_9351	chr13	24937816	24938216	+	1000	43.0	[]	[]	[10.2047415]	[166]	[]	[24938043]
876_9357	chr13	107948049	107948449	+	1000	43.0	[7.553737, 9.53014]	[107, 199]	[7.676677]	[168]	[107948200, 107948292]	[107948261]
876_9366	chr16	5064989	5065389	+	919	43.0	[8.182752]	[141]	[12.570299]	[86]	[5065227]	[5065172]
876_937	chr17	60766701	60767101	+	1000	144.5	[]	[]	[12.570299]	[86]	[]	[60766877]
876_9374	chr17	42368740	42369140	+	776	43.0	[7.553737]	[84]	[]	[]	[42368915]	[]
876_9382	chr19	1203465	1203865	+	1000	43.0	[9.53014]	[129]	[]	[]	[1203633]	[]
876_9383	chr19	4130854	4131254	+	1000	43.0	[]	[]	[9.252844]	[110]	[]	[4131048]
876_9392	chr2	113407649	113408049	+	1000	43.0	[]	[]	[10.2047415]	[104]	[]	[113407853]
876_9393	chr2	126648258	126648658	+	1000	43.0	[8.009179]	[171]	[]	[]	[126648502]	[]
876_9394	chr2	167558593	167558993	+	970	43.0	[12.570299]	[104]	[]	[]	[167558787]	[]
876_9396	chr2	201116482	201116882	+	1000	43.0	[]	[]	[12.570299]	[167]	[]	[201116722]
876_94	chr13	107926027	107926427	+	1000	424.0	[]	[]	[12.570299]	[105]	[]	[107926232]
876_9401	chr20	24900870	24901270	+	821	43.0	[12.570299]	[110]	[]	[]	[24901071]	[]
876_941	chr12	62760761	62761161	+	1000	144.0	[]	[]	[12.570299, 8.264141]	[106, 117]	[]	[62760961, 62760972]
876_9411	chr22	20904510	20904910	+	1000	43.0	[8.264141]	[205]	[7.5891633]	[180]	[20904759]	[20904734]
876_9413	chr22	21583212	21583612	+	1000	43.0	[]	[]	[12.570299]	[156]	[]	[21583457]
876_9415	chr22	21843574	21843974	+	727	43.0	[10.2047415]	[149]	[]	[]	[21843780]	[]
876_9424	chr22	23153344	23153744	+	1000	43.0	[9.252844]	[207]	[]	[]	[23153588]	[]
876_9426	chr22	23192897	23193297	+	788	43.0	[]	[]	[8.84223]	[175]	[]	[23193134]
876_9428	chr3	5317574	5317974	+	638	43.0	[]	[]	[12.570299]	[114]	[]	[5317776]
876_943	chr2	175704201	175704601	+	1000	144.0	[]	[]	[12.570299]	[111]	[]	[175704408]
876_9431	chr3	14502901	14503301	+	1000	43.0	[8.361351]	[132]	[]	[]	[14503118]	[]
876_9433	chr3	42895308	42895708	+	870	43.0	[]	[]	[12.570299]	[124]	[]	[42895516]
876_9435	chr3	45865592	45865992	+	928	43.0	[8.84223]	[60]	[12.570299]	[104]	[45865751]	[45865795]
876_9436	chr3	46909584	46909984	+	1000	43.0	[8.361351]	[88]	[]	[]	[46909756]	[]
876_9439	chr3	170777861	170778261	+	1000	43.0	[12.570299]	[111]	[]	[]	[170778063]	[]
876_944	chr5	1608208	1608608	+	1000	144.0	[]	[]	[9.53014]	[97]	[]	[1608405]
876_9440	chr3	172853000	172853400	+	1000	43.0	[8.361351]	[92]	[]	[]	[172853186]	[]
876_9443	chr4	77817976	77818376	+	1000	43.0	[8.182752]	[164]	[9.252844]	[122]	[77818225]	[77818183]
876_9449	chr4	177440957	177441357	+	1000	43.0	[12.570299]	[118]	[10.2047415]	[151]	[177441152]	[177441185]
876_945	chr6	147161925	147162325	+	1000	144.0	[]	[]	[8.84223]	[93]	[]	[147162115]
876_9450	chr5	37090335	37090735	+	1000	43.0	[]	[]	[7.5891633]	[81]	[]	[37090511]
876_9454	chr5	67818203	67818603	+	1000	43.0	[12.570299]	[104]	[]	[]	[67818403]	[]
876_9456	chr5	79802964	79803364	+	1000	43.0	[]	[]	[8.264141]	[148]	[]	[79803207]
876_9459	chr5	172433041	172433441	+	1000	43.0	[9.252844]	[152]	[]	[]	[172433268]	[]
876_946	chr6	147709493	147709893	+	1000	144.0	[7.764176]	[95]	[7.764176]	[94]	[147709686]	[147709685]
876_9465	chr6	25934916	25935316	+	1000	43.0	[12.570299, 7.7748694]	[114, 129]	[12.570299, 8.361351]	[57, 89]	[25935126, 25935141]	[25935069, 25935101]
876_9467	chr6	26322783	26323183	+	1000	43.0	[7.5891633]	[56]	[9.53014]	[152]	[26322937]	[26323033]
876_947	chr10	22631720	22632120	+	1000	143.5	[7.578352, 8.361351]	[86, 103]	[]	[]	[22631905, 22631922]	[]
876_9473	chr6	58793329	58793729	+	1000	43.0	[]	[]	[7.677661]	[156]	[]	[58793579]
876_9476	chr6	134080160	134080560	+	672	43.0	[12.570299]	[71]	[]	[]	[134080328]	[]
876_9477	chr6	136964882	136965282	+	1000	43.0	[]	[]	[9.252844]	[131]	[]	[136965105]
876_9481	chr7	7795716	7796116	+	1000	43.0	[]	[]	[9.53014]	[102]	[]	[7795890]
876_9485	chr7	107164014	107164414	+	1000	43.0	[7.7748694, 7.7748694]	[60, 69]	[]	[]	[107164166, 107164175]	[]
876_9488	chr7	134432619	134433019	+	1000	43.0	[]	[]	[8.361351]	[123]	[]	[134432838]
876_949	chr11	96197796	96198196	+	1000	143.5	[12.570299]	[114]	[]	[]	[96198007]	[]
876_9491	chr8	10656317	10656717	+	1000	43.0	[7.553737]	[109]	[]	[]	[10656519]	[]
876_9493	chr8	29229974	29230374	+	1000	43.0	[12.570299]	[140]	[]	[]	[29230203]	[]
876_9495	chr8	94915878	94916278	+	1000	43.0	[]	[]	[9.252844]	[122]	[]	[94916080]
876_9497	chr8	143635550	143635950	+	1000	43.0	[]	[]	[10.2047415]	[108]	[]	[143635752]
876_9501	chr9	116156525	116156925	+	1000	43.0	[12.570299]	[90]	[]	[]	[116156707]	[]
876_9504	chr9	136784963	136785363	+	1000	43.0	[7.677661]	[167]	[7.677661]	[166]	[136785195]	[136785194]
876_9507	chrX	11407262	11407662	+	1000	43.0	[9.252844]	[137]	[9.252844]	[134]	[11407476]	[11407473]
876_9509	chrX	118660027	118660427	+	713	43.0	[8.182752]	[129]	[12.570299]	[78]	[118660249]	[118660198]
876_951	chr3	197124725	197125125	+	1000	143.5	[12.570299, 7.676677]	[60, 94]	[]	[]	[197124884, 197124918]	[]
876_9510	chrX	120021872	120022272	+	1000	43.0	[]	[]	[10.2047415]	[92]	[]	[120022050]
876_9512	chr1	16639794	16640194	+	1000	42.5	[7.764176]	[98]	[7.764176]	[97]	[16639961]	[16639960]
876_9517	chr1	86933607	86934007	+	1000	42.5	[9.53014]	[62]	[12.570299]	[115]	[86933763]	[86933816]
876_952	chr2	181804045	181804445	+	1000	143.0	[]	[]	[12.570299]	[104]	[]	[181804247]
876_9520	chr1	92990779	92991179	+	1000	42.5	[]	[]	[9.252844, 8.361351]	[52, 75]	[]	[92990931, 92990954]
876_9524	chr1	157278504	157278904	+	1000	42.5	[8.009179]	[130]	[]	[]	[157278699]	[]
876_9525	chr1	160621546	160621946	+	1000	42.5	[8.361351]	[118]	[]	[]	[160621749]	[]
876_9527	chr1	166840574	166840974	+	915	42.5	[8.84223]	[115]	[]	[]	[166840784]	[]
876_9528	chr1	169661615	169662015	+	1000	42.5	[8.361351]	[115]	[]	[]	[169661827]	[]
876_9529	chr1	172056076	172056476	+	1000	42.5	[12.570299]	[130]	[]	[]	[172056298]	[]
876_9531	chr1	172894740	172895140	+	611	42.5	[8.361351]	[96]	[]	[]	[172894934]	[]
876_9533	chr1	181128124	181128524	+	1000	42.5	[]	[]	[12.570299]	[104]	[]	[181128311]
876_9535	chr1	194657077	194657477	+	812	42.5	[8.009179]	[130]	[]	[]	[194657279]	[]
876_9539	chr1	235845560	235845960	+	1000	42.5	[9.252844, 8.264141]	[133, 146]	[]	[]	[235845774, 235845787]	[]
876_9547	chr10	69061609	69062009	+	1000	42.5	[]	[]	[9.252844]	[115]	[]	[69061823]
876_9548	chr10	69425817	69426217	+	914	42.5	[]	[]	[7.578352, 10.2047415]	[105, 123]	[]	[69426003, 69426021]
876_9550	chr10	91690469	91690869	+	1000	42.5	[8.361351]	[121]	[]	[]	[91690690]	[]
876_9554	chr11	6179399	6179799	+	989	42.5	[12.570299]	[105]	[]	[]	[6179598]	[]
876_9556	chr11	28378036	28378436	+	897	42.5	[]	[]	[12.570299]	[81]	[]	[28378208]
876_9558	chr11	60532406	60532806	+	1000	42.5	[12.570299]	[125]	[]	[]	[60532627]	[]
876_9562	chr11	124643455	124643855	+	980	42.5	[]	[]	[8.009179, 12.570299]	[127, 182]	[]	[124643644, 124643699]
876_9564	chr12	30531626	30532026	+	1000	42.5	[8.264141, 8.009179]	[146, 163]	[]	[]	[30531824, 30531841]	[]
876_9565	chr12	48199624	48200024	+	934	42.5	[]	[]	[12.570299]	[97]	[]	[48199821]
876_9566	chr12	54879150	54879550	+	1000	42.5	[]	[]	[9.252844]	[138]	[]	[54879366]
876_9567	chr12	55344491	55344891	+	1000	42.5	[12.570299]	[153]	[]	[]	[55344718]	[]
876_9568	chr12	68245018	68245418	+	1000	42.5	[]	[]	[9.53014]	[104]	[]	[68245199]
876_9570	chr12	92055900	92056300	+	986	42.5	[]	[]	[12.570299]	[149]	[]	[92056122]
876_9572	chr13	19604276	19604676	+	1000	42.5	[]	[]	[12.570299]	[109]	[]	[19604479]
876_9576	chr13	92503721	92504121	+	1000	42.5	[]	[]	[12.570299]	[201]	[]	[92503953]
876_9577	chr13	93310706	93311106	+	1000	42.5	[9.53014]	[176]	[7.7748694]	[184]	[93310905]	[93310913]
876_9579	chr13	93329235	93329635	+	956	42.5	[12.570299, 7.7748694]	[104, 149]	[7.578352]	[94]	[93329439, 93329484]	[93329429]
876_9580	chr13	95494144	95494544	+	797	42.5	[10.2047415]	[136]	[10.2047415]	[89]	[95494365]	[95494318]
876_9582	chr13	107890568	107890968	+	1000	42.5	[7.7748694, 8.361351]	[132, 148]	[]	[]	[107890739, 107890755]	[]
876_9584	chr15	22779228	22779628	+	1000	42.5	[7.578352]	[179]	[]	[]	[22779440]	[]
876_959	chr4	84299004	84299404	+	1000	142.5	[12.570299]	[144]	[]	[]	[84299247]	[]
876_9592	chr17	3969173	3969573	+	1000	42.5	[]	[]	[8.009179]	[112]	[]	[3969362]
876_9597	chr17	59829079	59829479	+	996	42.5	[]	[]	[9.53014]	[74]	[]	[59829239]
876_9602	chr18	5268866	5269266	+	891	42.5	[8.361351]	[119]	[]	[]	[5269073]	[]
876_9603	chr18	54765650	54766050	+	1000	42.5	[9.252844]	[204]	[]	[]	[54765900]	[]
876_9605	chr18	68790181	68790581	+	1000	42.5	[]	[]	[12.570299]	[102]	[]	[68790382]
876_9608	chr19	16197211	16197611	+	1000	42.5	[9.53014]	[155]	[8.361351]	[184]	[16197424]	[16197453]
876_961	chr18	1521563	1521963	+	1000	142.0	[]	[]	[12.570299]	[106]	[]	[1521766]
876_9611	chr2	11872694	11873094	+	1000	42.5	[12.570299]	[160]	[]	[]	[11872910]	[]
876_9612	chr2	22984400	22984800	+	1000	42.5	[12.570299]	[148]	[]	[]	[22984620]	[]
876_9615	chr2	37832566	37832966	+	1000	42.5	[10.2047415]	[137]	[]	[]	[37832803]	[]
876_9618	chr2	46341081	46341481	+	1000	42.5	[8.264141]	[148]	[]	[]	[46341307]	[]
876_962	chr21	35974805	35975205	+	1000	142.0	[8.182752]	[128]	[]	[]	[35975020]	[]
876_9620	chr2	64730465	64730865	+	1000	42.5	[]	[]	[12.570299]	[128]	[]	[64730680]
876_9621	chr2	68063986	68064386	+	1000	42.5	[9.53014]	[154]	[]	[]	[68064228]	[]
876_9625	chr2	151906789	151907189	+	1000	42.5	[]	[]	[9.252844, 9.53014, 9.252844]	[83, 134, 153]	[]	[151906954, 151907005, 151907024]
876_9626	chr2	160181136	160181536	+	1000	42.5	[12.570299]	[134]	[]	[]	[160181355]	[]
876_9630	chr2	177335052	177335452	+	1000	42.5	[]	[]	[8.009179]	[133]	[]	[177335238]
876_9632	chr20	32256496	32256896	+	1000	42.5	[10.2047415]	[130]	[]	[]	[32256713]	[]
876_9638	chr22	20007214	20007614	+	1000	42.5	[7.7748694]	[166]	[]	[]	[20007441]	[]
876_964	chr8	85410631	85411031	+	1000	142.0	[]	[]	[8.361351]	[130]	[]	[85410848]
876_9641	chr22	22028871	22029271	+	974	42.5	[]	[]	[7.553737]	[172]	[]	[22029104]
876_9644	chr22	22196871	22197271	+	1000	42.5	[8.264141]	[161]	[]	[]	[22197060]	[]
876_9645	chr22	22382624	22383024	+	1000	42.5	[7.677661]	[125]	[7.677661]	[124]	[22382791]	[22382790]
876_9646	chr22	22413410	22413810	+	966	42.5	[]	[]	[9.53014]	[190]	[]	[22413611]
876_965	chr1	198079578	198079978	+	1000	141.5	[]	[]	[12.570299, 7.5891633]	[104, 141]	[]	[198079777, 198079814]
876_9651	chr22	35447906	35448306	+	624	42.5	[]	[]	[12.570299]	[90]	[]	[35448092]
876_9656	chr3	13461439	13461839	+	1000	42.5	[12.570299]	[145]	[7.5891633]	[115]	[13461624]	[13461594]
876_9658	chr3	35533190	35533590	+	1000	42.5	[8.361351]	[90]	[8.361351]	[144]	[35533380]	[35533434]
876_9659	chr3	36972206	36972606	+	1000	42.5	[8.84223]	[149]	[]	[]	[36972429]	[]
876_966	chr11	13928800	13929200	+	1000	141.5	[9.53014]	[150]	[8.361351]	[127]	[13929044]	[13929021]
876_9664	chr3	171962364	171962764	+	1000	42.5	[8.361351]	[130]	[]	[]	[171962552]	[]
876_9672	chr4	83357139	83357539	+	964	42.5	[10.2047415]	[194]	[8.361351]	[106]	[83357385]	[83357297]
876_9674	chr4	102210286	102210686	+	660	42.5	[]	[]	[12.570299]	[101]	[]	[102210484]
876_9675	chr4	123593636	123594036	+	1000	42.5	[]	[]	[9.53014, 8.361351]	[78, 100]	[]	[123593799, 123593821]
876_9678	chr5	31534506	31534906	+	1000	42.5	[12.570299]	[84]	[10.2047415]	[121]	[31534685]	[31534722]
876_9679	chr5	35261427	35261827	+	1000	42.5	[]	[]	[12.570299]	[105]	[]	[35261629]
876_9682	chr5	57650315	57650715	+	1000	42.5	[]	[]	[12.570299]	[139]	[]	[57650542]
876_9683	chr5	57893315	57893715	+	981	42.5	[]	[]	[9.252844]	[122]	[]	[57893536]
876_9684	chr5	90073481	90073881	+	1000	42.5	[12.570299]	[142]	[]	[]	[90073697]	[]
876_9687	chr5	97239780	97240180	+	963	42.5	[]	[]	[12.570299]	[91]	[]	[97239951]
876_9692	chr5	154977418	154977818	+	1000	42.5	[]	[]	[10.2047415, 8.84223]	[102, 145]	[]	[154977614, 154977657]
876_9696	chr6	11095570	11095970	+	838	42.5	[]	[]	[8.84223]	[153]	[]	[11095820]
876_9700	chr6	15976986	15977386	+	1000	42.5	[]	[]	[9.53014]	[119]	[]	[15977166]
876_9708	chr6	27605567	27605967	+	1000	42.5	[7.5891633]	[182]	[]	[]	[27605781]	[]
876_971	chr6	119261266	119261666	+	1000	141.5	[12.570299]	[108]	[]	[]	[119261470]	[]
876_9715	chr6	43901734	43902134	+	1000	42.5	[]	[]	[8.361351]	[170]	[]	[43901966]
876_9718	chr6	79408585	79408985	+	1000	42.5	[10.2047415]	[147]	[9.252844]	[112]	[79408814]	[79408779]
876_972	chr8	121334141	121334541	+	1000	141.5	[]	[]	[12.570299]	[109]	[]	[121334343]
876_9723	chr6	137862250	137862650	+	1000	42.5	[9.252844]	[158]	[]	[]	[137862429]	[]
876_9727	chr7	38336276	38336676	+	1000	42.5	[]	[]	[12.570299, 7.578352]	[112, 154]	[]	[38336479, 38336521]
876_9730	chr7	76327682	76328082	+	1000	42.5	[8.264141]	[64]	[]	[]	[76327842]	[]
876_9740	chr7	140475979	140476379	+	1000	42.5	[]	[]	[12.570299, 9.53014]	[175, 201]	[]	[140476186, 140476212]
876_9742	chr7	143256340	143256740	+	1000	42.5	[]	[]	[12.570299]	[116]	[]	[143256547]
876_9744	chr7	149494694	149495094	+	628	42.5	[12.570299, 8.264141]	[111, 155]	[]	[]	[149494867, 149494911]	[]
876_9745	chr7	149872322	149872722	+	1000	42.5	[9.252844]	[74]	[12.570299]	[104]	[149872481]	[149872511]
876_975	chr7	36258419	36258819	+	1000	141.0	[]	[]	[12.570299]	[109]	[]	[36258615]
876_9753	chr8	100433684	100434084	+	1000	42.5	[]	[]	[12.570299]	[107]	[]	[100433874]
876_9756	chr8	123630505	123630905	+	1000	42.5	[8.182752]	[134]	[]	[]	[123630660]	[]
876_9758	chr9	37802002	37802402	+	1000	42.5	[7.578352]	[130]	[]	[]	[37802231]	[]
876_976	chr10	3095349	3095749	+	1000	140.5	[8.361351]	[90]	[]	[]	[3095526]	[]
876_9760	chr9	98248703	98249103	+	1000	42.5	[]	[]	[8.182752]	[108]	[]	[98248877]
876_9763	chr9	130950963	130951363	+	906	42.5	[]	[]	[10.2047415]	[177]	[]	[130951145]
876_9765	chrUn_GL000219v1	125381	125781	+	749	42.5	[7.578352]	[89]	[9.53014]	[178]	[125539]	[125628]
876_9769	chrX	136775555	136775955	+	1000	42.5	[8.009179]	[106]	[7.677661]	[149]	[136775738]	[136775781]
876_9772	chr1	19504764	19505164	+	1000	42.0	[]	[]	[9.53014]	[73]	[]	[19504929]
876_9775	chr1	41099315	41099715	+	1000	42.0	[]	[]	[10.2047415]	[96]	[]	[41099493]
876_9777	chr1	116509546	116509946	+	1000	42.0	[]	[]	[10.2047415]	[92]	[]	[116509718]
876_9781	chr1	161566098	161566498	+	1000	42.0	[8.264141]	[101]	[]	[]	[161566298]	[]
876_9784	chr1	172460081	172460481	+	1000	42.0	[10.2047415]	[150]	[]	[]	[172460267]	[]
876_9785	chr1	172926056	172926456	+	1000	42.0	[8.361351]	[110]	[]	[]	[172926257]	[]
876_9788	chr1	198283235	198283635	+	635	42.0	[]	[]	[12.570299]	[94]	[]	[198283428]
876_979	chr4	94841110	94841510	+	1000	140.5	[]	[]	[12.570299]	[106]	[]	[94841314]
876_9791	chr1	220122152	220122552	+	1000	42.0	[8.361351]	[79]	[]	[]	[220122328]	[]
876_98	chr7	146018917	146019317	+	1000	418.0	[]	[]	[12.570299]	[102]	[]	[146019119]
876_980	chr4	152485768	152486168	+	1000	140.5	[]	[]	[10.2047415, 7.677661]	[104, 154]	[]	[152485968, 152486018]
876_9801	chr10	55899908	55900308	+	1000	42.0	[12.570299]	[106]	[]	[]	[55900109]	[]
876_9805	chr10	77971331	77971731	+	1000	42.0	[12.570299]	[103]	[]	[]	[77971515]	[]
876_9808	chr10	97889773	97890173	+	1000	42.0	[10.2047415]	[115]	[]	[]	[97889987]	[]
876_981	chr5	67889890	67890290	+	1000	140.5	[12.570299]	[86]	[]	[]	[67890074]	[]
876_9811	chr11	45185278	45185678	+	969	42.0	[]	[]	[7.578352]	[119]	[]	[45185444]
876_9813	chr11	63518593	63518993	+	969	42.0	[]	[]	[9.53014]	[81]	[]	[63518764]
876_9815	chr11	67578991	67579391	+	1000	42.0	[]	[]	[10.2047415]	[150]	[]	[67579228]
876_9816	chr11	74926171	74926571	+	1000	42.0	[7.764176]	[193]	[]	[]	[74926408]	[]
876_9818	chr11	91904777	91905177	+	1000	42.0	[]	[]	[8.264141]	[146]	[]	[91904988]
876_9819	chr11	92646557	92646957	+	1000	42.0	[8.84223, 8.361351]	[137, 163]	[]	[]	[92646764, 92646790]	[]
876_9823	chr12	76270654	76271054	+	1000	42.0	[10.2047415]	[115]	[10.2047415]	[120]	[76270854]	[76270859]
876_9824	chr12	83196638	83197038	+	1000	42.0	[]	[]	[7.7748694]	[140]	[]	[83196866]
876_9826	chr12	107736865	107737265	+	1000	42.0	[12.570299]	[157]	[]	[]	[107737098]	[]
876_9831	chr13	80635550	80635950	+	1000	42.0	[9.53014]	[169]	[]	[]	[80635742]	[]
876_9833	chr13	93255495	93255895	+	729	42.0	[]	[]	[7.677661]	[151]	[]	[93255743]
876_9834	chr13	93261828	93262228	+	993	42.0	[7.677661]	[151]	[]	[]	[93262072]	[]
876_9835	chr13	93263785	93264185	+	762	42.0	[]	[]	[12.570299]	[135]	[]	[93263983]
876_9836	chr13	93352810	93353210	+	843	42.0	[7.764176]	[131]	[7.764176]	[130]	[93353037]	[93353036]
876_9838	chr14	44448974	44449374	+	968	42.0	[]	[]	[8.264141, 8.264141]	[54, 90]	[]	[44449127, 44449163]
876_9840	chr15	49223897	49224297	+	1000	42.0	[]	[]	[8.361351]	[102]	[]	[49224060]
876_9844	chr16	21302459	21302859	+	851	42.0	[]	[]	[8.264141]	[82]	[]	[21302633]
876_9846	chr16	58412375	58412775	+	614	42.0	[12.570299]	[133]	[]	[]	[58412607]	[]
876_9851	chr17	48587517	48587917	+	1000	42.0	[]	[]	[12.570299]	[141]	[]	[48587739]
876_9859	chr18	3217874	3218274	+	802	42.0	[]	[]	[8.182752]	[137]	[]	[3218108]
876_986	chr1	202532231	202532631	+	1000	140.0	[]	[]	[10.2047415]	[90]	[]	[202532421]
876_9860	chr18	12410856	12411256	+	703	42.0	[12.570299]	[154]	[]	[]	[12411092]	[]
876_9862	chr18	31821644	31822044	+	1000	42.0	[7.5891633]	[115]	[]	[]	[31821823]	[]
876_9863	chr18	36075856	36076256	+	1000	42.0	[12.570299]	[123]	[]	[]	[36076078]	[]
876_9864	chr19	6892068	6892468	+	851	42.0	[9.53014]	[82]	[]	[]	[6892224]	[]
876_987	chr15	89910930	89911330	+	1000	140.0	[]	[]	[8.361351, 7.5891633]	[113, 160]	[]	[89911132, 89911179]
876_9871	chr2	60885603	60886003	+	1000	42.0	[]	[]	[8.361351]	[117]	[]	[60885815]
876_9872	chr2	62565479	62565879	+	942	42.0	[]	[]	[9.53014]	[129]	[]	[62565675]
876_9878	chr2	204625297	204625697	+	1000	42.0	[]	[]	[8.361351]	[88]	[]	[204625485]
876_9880	chr2	226838243	226838643	+	713	42.0	[]	[]	[9.252844]	[129]	[]	[226838457]
876_9882	chr20	47354998	47355398	+	844	42.0	[12.570299]	[151]	[]	[]	[47355227]	[]
876_9892	chr22	22121501	22121901	+	1000	42.0	[]	[]	[9.53014]	[155]	[]	[22121710]
876_9895	chr22	22705977	22706377	+	1000	42.0	[10.2047415]	[158]	[8.264141]	[209]	[22706167]	[22706218]
876_9898	chr22	23026390	23026790	+	557	42.0	[7.553737]	[239]	[12.570299]	[163]	[23026639]	[23026563]
876_9899	chr22	23066150	23066550	+	1000	42.0	[8.361351]	[103]	[]	[]	[23066329]	[]
876_990	chr2	66391361	66391761	+	1000	140.0	[12.570299]	[145]	[]	[]	[66391598]	[]
876_9905	chr22	29269747	29270147	+	1000	42.0	[12.570299]	[147]	[8.361351]	[135]	[29269953]	[29269941]
876_9909	chr3	12193288	12193688	+	973	42.0	[]	[]	[8.361351]	[148]	[]	[12193512]
876_991	chr3	4071471	4071871	+	1000	140.0	[12.570299]	[106]	[]	[]	[4071672]	[]
876_9911	chr3	34089920	34090320	+	1000	42.0	[]	[]	[12.570299]	[98]	[]	[34090080]
876_9913	chr3	55051485	55051885	+	957	42.0	[]	[]	[12.570299]	[109]	[]	[55051657]
876_9914	chr3	57308446	57308846	+	1000	42.0	[]	[]	[12.570299, 7.553737]	[93, 106]	[]	[57308630, 57308643]
876_9915	chr3	107834978	107835378	+	1000	42.0	[]	[]	[12.570299, 9.53014]	[110, 119]	[]	[107835169, 107835178]
876_9917	chr3	133499185	133499585	+	971	42.0	[]	[]	[12.570299]	[98]	[]	[133499376]
876_9918	chr3	140334586	140334986	+	1000	42.0	[8.361351]	[103]	[]	[]	[140334787]	[]
876_9920	chr3	141337393	141337793	+	1000	42.0	[12.570299]	[102]	[]	[]	[141337549]	[]
876_9926	chr4	154455142	154455542	+	844	42.0	[12.570299]	[96]	[]	[]	[154455315]	[]
876_9929	chr4	184980208	184980608	+	1000	42.0	[]	[]	[7.578352]	[85]	[]	[184980392]
876_9930	chr4	189734857	189735257	+	695	42.0	[]	[]	[9.53014]	[132]	[]	[189735079]
876_9932	chr5	21225398	21225798	+	768	42.0	[12.570299]	[126]	[]	[]	[21225624]	[]
876_9934	chr5	37086383	37086783	+	1000	42.0	[]	[]	[12.570299]	[96]	[]	[37086564]
876_9935	chr5	42611463	42611863	+	1000	42.0	[12.570299]	[130]	[]	[]	[42611662]	[]
876_9938	chr5	71920295	71920695	+	1000	42.0	[]	[]	[8.361351]	[105]	[]	[71920478]
876_994	chr10	60314248	60314648	+	1000	139.5	[10.2047415]	[138]	[]	[]	[60314469]	[]
876_9942	chr5	123460137	123460537	+	1000	42.0	[]	[]	[12.570299]	[142]	[]	[123460374]
876_9955	chr6	28357030	28357430	+	960	42.0	[]	[]	[12.570299]	[74]	[]	[28357198]
876_9956	chr6	28458431	28458831	+	1000	42.0	[8.182752]	[67]	[]	[]	[28458582]	[]
876_9961	chr6	42786024	42786424	+	1000	42.0	[]	[]	[8.182752]	[98]	[]	[42786198]
876_9963	chr6	136236653	136237053	+	1000	42.0	[8.009179]	[158]	[]	[]	[136236879]	[]
876_9965	chr6	139825792	139826192	+	977	42.0	[]	[]	[10.2047415, 8.264141, 12.570299]	[184, 212, 225]	[]	[139825993, 139826021, 139826034]
876_9968	chr6	150129836	150130236	+	1000	42.0	[12.570299]	[108]	[]	[]	[150130016]	[]
876_9969	chr6	160990505	160990905	+	1000	42.0	[10.2047415]	[174]	[]	[]	[160990713]	[]
876_9970	chr7	22680275	22680675	+	919	42.0	[9.252844]	[73]	[9.252844]	[70]	[22680436]	[22680433]
876_9971	chr7	29812040	29812440	+	1000	42.0	[12.570299]	[127]	[]	[]	[29812265]	[]
876_9974	chr7	77838861	77839261	+	988	42.0	[]	[]	[12.570299]	[146]	[]	[77839075]
876_9975	chr7	84062653	84063053	+	1000	42.0	[12.570299]	[145]	[]	[]	[84062874]	[]
876_9978	chr7	106811450	106811850	+	1000	42.0	[]	[]	[9.252844, 9.53014]	[95, 116]	[]	[106811610, 106811631]
876_998	chr7	151228305	151228705	+	1000	139.5	[12.570299]	[128]	[]	[]	[151228515]	[]
876_9982	chr7	113084776	113085176	+	1000	42.0	[7.764176]	[55]	[]	[]	[113084929]	[]
876_9985	chr7	138878858	138879258	+	1000	42.0	[12.570299]	[122]	[]	[]	[138879063]	[]
876_9988	chr8	49227179	49227579	+	1000	42.0	[]	[]	[7.5891633]	[146]	[]	[49227394]
876_9989	chr8	69764059	69764459	+	1000	42.0	[10.2047415]	[111]	[7.764176]	[98]	[69764264]	[69764251]
876_9990	chr8	100238467	100238867	+	983	42.0	[12.570299]	[124]	[8.361351]	[100]	[100238685]	[100238661]
876_9991	chr8	123450932	123451332	+	1000	42.0	[]	[]	[12.570299]	[132]	[]	[123451129]
876_9994	chr8	140303213	140303613	+	1000	42.0	[9.252844]	[173]	[9.252844]	[170]	[140303448]	[140303445]
876_9997	chr9	114223848	114224248	+	1000	42.0	[8.361351]	[117]	[]	[]	[114224057]	[]
876_9999	chr9	128160971	128161371	+	1000	42.0	[8.009179, 7.764176]	[97, 111]	[7.764176]	[110]	[128161167, 128161181]	[128161180]
